Wavelength (nm)	EQE (%)	Current (A)	Dark Current (A) -> 	-58.079152000E-12	
400.000000	13.013709	-2.752535E-7
403.000000	14.257509	-6.853681E-7
406.000000	13.989245	-1.092849E-6
409.000000	14.515745	-1.596367E-6
412.000000	14.647067	-2.467420E-6
415.000000	13.569970	-1.091650E-6
418.000000	15.034199	-1.048757E-6
421.000000	14.342329	-1.176329E-6
424.000000	14.241806	-1.056081E-6
427.000000	14.011008	-1.357705E-6
430.000000	13.862069	-2.142944E-6
433.000000	13.321298	-1.929874E-6
436.000000	13.094914	-1.880710E-6
439.000000	12.985427	-2.045999E-6
442.000000	13.052355	-2.159573E-6
445.000000	13.015438	-2.446737E-6
448.000000	13.054354	-2.786025E-6
451.000000	12.819332	-2.410691E-6
454.000000	13.639622	-2.361195E-6
457.000000	13.737606	-2.655071E-6
460.000000	14.381741	-2.043847E-6
463.000000	14.242810	-3.480246E-6
466.000000	15.183347	-2.922077E-6
469.000000	15.163502	-2.685453E-6
472.000000	15.504925	-2.540690E-6
475.000000	15.473971	-2.404930E-6
478.000000	15.955786	-3.183259E-6
481.000000	16.762148	-2.784631E-6
484.000000	16.668413	-2.670409E-6
487.000000	16.853837	-3.729225E-6
490.000000	17.304597	-3.151391E-6
493.000000	17.178679	-3.180839E-6
496.000000	17.545001	-3.908586E-6
499.000000	17.752491	-3.941471E-6
502.000000	18.210583	-3.673009E-6
505.000000	18.415455	-4.523240E-6
508.000000	18.513784	-5.868905E-6
511.000000	18.247659	-6.650137E-6
514.000000	18.318109	-4.278389E-6
517.000000	18.614957	-4.282497E-6
520.000000	18.744550	-7.421412E-6
523.000000	18.395408	-6.634964E-6
526.000000	18.975362	-4.060378E-6
529.000000	19.269691	-5.458201E-6
532.000000	19.043257	-5.861336E-6
535.000000	18.601007	-2.665374E-6
538.000000	19.847292	-4.968788E-6
541.000000	19.262403	-6.469553E-6
544.000000	19.057968	-2.902795E-6
547.000000	19.774173	-5.601823E-6
550.000000	19.485626	-4.995906E-6
553.000000	19.812578	-3.667651E-6
556.000000	19.927651	-5.004221E-6
559.000000	20.152731	-3.506715E-6
562.000000	20.072535	-4.474608E-6
565.000000	20.345103	-4.248837E-6
568.000000	20.410742	-4.206230E-6
571.000000	20.412216	-4.998811E-6
574.000000	20.524136	-4.644909E-6
577.000000	20.674777	-6.963882E-6
580.000000	20.423923	-4.889040E-6
583.000000	20.720227	-5.260657E-6
586.000000	20.842482	-6.869283E-6
589.000000	20.829694	-4.732092E-6
592.000000	19.666113	-2.570301E-6
595.000000	19.555495	-3.055703E-6
598.000000	19.467484	-2.415372E-6
601.000000	19.741113	-3.347516E-6
604.000000	19.790740	-3.474471E-6
607.000000	19.943425	-3.753471E-6
610.000000	20.210454	-3.880705E-6
613.000000	20.560541	-6.724527E-6
616.000000	19.986759	-8.292081E-6
619.000000	20.485649	-4.879806E-6
622.000000	21.635659	-1.023766E-5
625.000000	20.844671	-1.184568E-5
628.000000	20.947360	-6.176961E-6
631.000000	21.835368	-7.779132E-6
634.000000	21.951546	-9.557560E-6
637.000000	21.527247	-1.202007E-5
640.000000	21.527485	-1.186335E-5
643.000000	21.701003	-1.136944E-5
646.000000	21.886669	-1.367333E-5
649.000000	21.879466	-1.325898E-5
652.000000	22.084677	-1.674662E-5
655.000000	21.667585	-1.510786E-5
658.000000	21.951040	-1.656835E-5
661.000000	21.446412	-1.940199E-5
664.000000	21.575122	-1.725485E-5
667.000000	21.879170	-1.974189E-5
670.000000	21.961047	-1.987610E-5
673.000000	21.997378	-2.080310E-5
676.000000	21.691576	-2.170333E-5
679.000000	21.845429	-2.172639E-5
682.000000	21.698005	-2.196687E-5
685.000000	21.740482	-2.331247E-5
688.000000	21.411015	-2.280459E-5
691.000000	21.326963	-2.296599E-5
694.000000	20.826488	-2.159022E-5
697.000000	20.692191	-2.095847E-5
700.000000	20.237778	-2.255720E-5
703.000000	19.485154	-2.206891E-5
706.000000	18.814292	-2.196524E-5
709.000000	18.207934	-2.054873E-5
712.000000	17.349832	-2.231834E-5
715.000000	16.439534	-1.836756E-5
718.000000	15.379730	-1.627967E-5
721.000000	14.211063	-1.864131E-5
724.000000	12.766367	-1.306903E-5
727.000000	11.647299	-1.344711E-5
730.000000	10.175143	-1.038494E-5
733.000000	8.988886	-8.937945E-6
736.000000	7.688481	-7.732823E-6
739.000000	6.469483	-5.434785E-6
742.000000	5.457815	-5.193745E-6
745.000000	4.445842	-3.446791E-6
748.000000	3.703288	-3.037951E-6
751.000000	2.957348	-2.336034E-6
754.000000	2.368657	-1.630844E-6
757.000000	1.899853	-1.492345E-6
760.000000	1.479974	-9.432017E-7
763.000000	1.183186	-8.241346E-7
766.000000	0.930686	-5.898426E-7
769.000000	0.735932	-4.189569E-7
772.000000	0.574625	-3.625103E-7
775.000000	0.451659	-2.429194E-7
778.000000	0.363282	-2.149553E-7
781.000000	0.288640	-1.619795E-7
784.000000	0.234096	-1.238727E-7
787.000000	0.189648	-1.092248E-7
790.000000	0.152940	-8.015085E-8
793.000000	0.128282	-7.535620E-8
796.000000	0.105875	-5.898239E-8
799.000000	0.089470	-5.002076E-8
802.000000	0.076352	-4.545630E-8
805.000000	0.064942	-3.588248E-8
808.000000	0.056101	-3.420529E-8
811.000000	0.048264	-2.675879E-8
814.000000	0.042717	-2.514424E-8
817.000000	0.037447	-2.203819E-8
820.000000	0.033344	-1.915309E-8
823.000000	0.030060	-1.925624E-8
826.000000	0.026838	-1.547897E-8
829.000000	0.024453	-1.606461E-8
832.000000	0.021926	-1.364882E-8
835.000000	0.020357	-1.376182E-8
838.000000	0.018559	-1.268965E-8
841.000000	0.017093	-1.095537E-8
844.000000	0.015732	-1.101170E-8
847.000000	0.014535	-9.539046E-9
850.000000	0.013509	-9.645400E-9
853.000000	0.012552	-8.372945E-9
856.000000	0.011684	-7.855017E-9
859.000000	0.010808	-7.319954E-9
862.000000	0.010092	-6.246192E-9
865.000000	0.009378	-5.812556E-9
868.000000	0.008794	-5.072235E-9
871.000000	0.008267	-4.655486E-9
874.000000	0.007715	-3.998302E-9
877.000000	0.007118	-3.506136E-9
880.000000	0.006621	-3.209142E-9
883.000000	0.006244	-2.835600E-9
886.000000	0.005880	-2.634753E-9
889.000000	0.005448	-2.343577E-9
892.000000	0.005104	-2.118597E-9
895.000000	0.004812	-1.921197E-9
898.000000	0.004455	-1.766225E-9
901.000000	0.004155	-1.600283E-9
904.000000	0.003906	-1.569072E-9
907.000000	0.003583	-1.409683E-9
910.000000	0.003364	-1.302509E-9
913.000000	0.003121	-1.268019E-9
916.000000	0.002878	-1.106342E-9
919.000000	0.002731	-1.088779E-9
922.000000	0.002484	-9.961367E-10
925.000000	0.002327	-8.878493E-10
928.000000	0.002164	-8.597048E-10
931.000000	0.002005	-7.358908E-10
934.000000	0.001864	-7.247344E-10
937.000000	0.001723	-6.521753E-10
940.000000	0.001596	-5.613681E-10
943.000000	0.001485	-5.316935E-10
946.000000	0.001359	-4.594628E-10
949.000000	0.001258	-4.483001E-10
952.000000	0.001178	-3.983245E-10
955.000000	0.001096	-3.505775E-10
958.000000	0.001030	-3.193540E-10
961.000000	0.000953	-2.833911E-10
964.000000	0.000880	-2.608786E-10
967.000000	0.000833	-2.347586E-10
970.000000	0.000778	-2.159999E-10
973.000000	0.000732	-1.943729E-10
976.000000	0.000696	-1.776145E-10
979.000000	0.000682	-1.608092E-10
982.000000	0.000658	-1.426545E-10
985.000000	0.000626	-1.328003E-10
988.000000	0.000598	-1.241425E-10
991.000000	0.000564	-1.145695E-10
994.000000	0.000553	-1.047445E-10
997.000000	0.000547	-1.002396E-10
1000.000000	0.000521	-9.601044E-11
1003.000000	0.000494	-9.036759E-11
1006.000000	0.000502	-8.920616E-11
1009.000000	0.000503	-8.596247E-11
1012.000000	0.000491	-8.550485E-11
1015.000000	0.000438	-7.755104E-11
1018.000000	0.000435	-7.715213E-11
1021.000000	0.000421	-7.647170E-11
1024.000000	0.000387	-7.273523E-11
1027.000000	0.000371	-7.627227E-11
1030.000000	0.000337	-7.474130E-11
1033.000000	0.000307	-7.108109E-11
1036.000000	0.000283	-7.290532E-11
1039.000000	0.000246	-7.191991E-11
1042.000000	0.000265	-6.924511E-11
1045.000000	0.000313	-6.823621E-11
1048.000000	0.000305	-6.489861E-11
1051.000000	0.000300	-6.528578E-11
1054.000000	0.000259	-6.412428E-11
1057.000000	0.000234	-6.526817E-11
1060.000000	0.000203	-6.435302E-11
1063.000000	0.000176	-6.747367E-11
1066.000000	0.000135	-6.759099E-11
1069.000000	7.686228E-5	-8.205589E-11
1072.000000	4.715817E-5	-1.029848E-10
1075.000000	9.727086E-5	-6.307438E-11
1078.000000	0.000132	-5.968395E-11
1081.000000	0.000163	-5.994205E-11
1084.000000	0.000165	-5.672767E-11
1087.000000	0.000175	-5.479197E-11
1090.000000	0.000183	-5.578326E-11
1093.000000	0.000188	-5.492687E-11
1096.000000	0.000182	-5.230489E-11
1099.000000	0.000169	-5.234009E-11
