Wavelength (nm)	EQE (%)	Current (A)	Dark Current (A) -> 	-24.510651460E-12	
400.000000	54.125645	-1.171548E-6
401.000000	56.613246	-1.695923E-6
402.000000	55.776938	-2.538468E-6
403.000000	56.587092	-3.828629E-6
404.000000	56.581524	-5.140997E-6
405.000000	55.986973	-6.796110E-6
406.000000	55.963476	-9.319628E-6
407.000000	54.764690	-9.912507E-6
408.000000	55.170156	-1.086011E-5
409.000000	54.823903	-1.206460E-5
410.000000	55.285212	-1.220264E-5
411.000000	55.224240	-1.618292E-5
412.000000	55.025216	-1.876264E-5
413.000000	55.356734	-2.450611E-5
414.000000	54.072713	-2.787837E-5
415.000000	53.857182	-2.769978E-5
416.000000	52.801879	-2.591891E-5
417.000000	52.448392	-2.303610E-5
418.000000	51.633522	-1.542804E-5
419.000000	52.022146	-1.133136E-5
420.000000	52.760244	-1.171476E-5
421.000000	52.502200	-1.270893E-5
422.000000	52.054807	-1.141415E-5
423.000000	52.355371	-1.193696E-5
424.000000	52.104018	-1.325461E-5
425.000000	51.788368	-1.422448E-5
426.000000	51.638420	-1.507525E-5
427.000000	52.018110	-1.580300E-5
428.000000	51.912837	-1.733915E-5
429.000000	52.173084	-1.944366E-5
430.000000	51.433469	-2.079926E-5
431.000000	51.336375	-2.113770E-5
432.000000	51.596966	-2.100124E-5
433.000000	51.174257	-2.117284E-5
434.000000	50.874908	-2.358330E-5
435.000000	51.300238	-2.428023E-5
436.000000	50.856021	-2.423610E-5
437.000000	51.270088	-2.634138E-5
438.000000	51.019528	-2.729954E-5
439.000000	50.636754	-2.663936E-5
440.000000	50.544585	-2.636174E-5
441.000000	51.126881	-2.927512E-5
442.000000	50.730086	-2.836185E-5
443.000000	51.081967	-2.732830E-5
444.000000	51.994044	-2.744252E-5
445.000000	51.117151	-2.682344E-5
446.000000	51.489920	-2.627426E-5
447.000000	52.537491	-2.997081E-5
448.000000	52.123679	-3.355588E-5
449.000000	52.107545	-3.126122E-5
450.000000	52.266526	-2.902691E-5
451.000000	52.818183	-3.213449E-5
452.000000	52.447559	-3.365537E-5
453.000000	53.114846	-3.157564E-5
454.000000	53.259020	-2.774588E-5
455.000000	53.305658	-2.918458E-5
456.000000	53.762120	-3.451300E-5
457.000000	53.481348	-3.796787E-5
458.000000	53.383318	-3.864107E-5
459.000000	54.101981	-3.704238E-5
460.000000	53.351382	-3.405514E-5
461.000000	54.383489	-3.259924E-5
462.000000	54.131142	-3.168133E-5
463.000000	54.014600	-3.176231E-5
464.000000	53.897008	-3.161421E-5
465.000000	54.809052	-3.248687E-5
466.000000	53.943468	-2.996915E-5
467.000000	53.959617	-2.431342E-5
468.000000	55.220173	-2.417481E-5
469.000000	56.224940	-3.188325E-5
470.000000	54.219901	-3.267254E-5
471.000000	53.688831	-2.471875E-5
472.000000	55.353865	-2.361430E-5
473.000000	56.023676	-3.287158E-5
474.000000	55.159802	-3.369661E-5
475.000000	54.866048	-2.595657E-5
476.000000	54.896603	-2.413196E-5
477.000000	55.284952	-2.869891E-5
478.000000	55.179667	-2.690232E-5
479.000000	56.118274	-2.645584E-5
480.000000	55.975989	-3.144101E-5
481.000000	55.653548	-3.091274E-5
482.000000	54.606387	-2.207676E-5
483.000000	56.528284	-2.325578E-5
484.000000	55.796878	-2.923862E-5
485.000000	53.696549	-2.381720E-5
486.000000	56.231603	-2.207169E-5
487.000000	56.025511	-2.616888E-5
488.000000	55.567753	-2.587926E-5
489.000000	55.603520	-2.194868E-5
490.000000	55.708617	-2.444467E-5
491.000000	55.774179	-2.714336E-5
492.000000	56.318068	-3.023552E-5
493.000000	56.637191	-3.236853E-5
494.000000	54.140136	-2.819442E-5
495.000000	55.741445	-2.814932E-5
496.000000	55.341128	-3.204239E-5
497.000000	53.811572	-3.340900E-5
498.000000	54.395065	-3.103292E-5
499.000000	54.874053	-3.025789E-5
500.000000	55.528856	-3.404438E-5
501.000000	54.814409	-4.031534E-5
502.000000	54.023616	-3.807994E-5
503.000000	55.195361	-3.603612E-5
504.000000	53.022871	-4.182048E-5
505.000000	54.361082	-4.762445E-5
506.000000	53.078368	-4.311327E-5
507.000000	52.231394	-3.404934E-5
508.000000	54.100406	-3.450170E-5
509.000000	52.708599	-3.443333E-5
510.000000	51.463893	-2.940922E-5
511.000000	52.268921	-2.652956E-5
512.000000	53.594225	-3.030827E-5
513.000000	53.879704	-3.479261E-5
514.000000	51.823532	-4.137777E-5
515.000000	53.197556	-4.860635E-5
516.000000	53.041829	-6.172833E-5
517.000000	52.505838	-7.330218E-5
518.000000	51.809440	-6.240416E-5
519.000000	51.636575	-5.064717E-5
520.000000	51.229441	-4.766952E-5
521.000000	50.529014	-3.611890E-5
522.000000	50.049651	-2.822777E-5
523.000000	51.266161	-2.642820E-5
524.000000	52.382008	-3.542883E-5
525.000000	52.304165	-4.953925E-5
526.000000	51.185250	-5.403374E-5
527.000000	51.690428	-5.901650E-5
528.000000	51.072886	-6.621717E-5
529.000000	50.577857	-6.279625E-5
530.000000	50.016201	-4.685054E-5
531.000000	48.686049	-3.428792E-5
532.000000	50.141506	-2.806504E-5
533.000000	49.808841	-2.944731E-5
534.000000	50.114326	-3.215794E-5
535.000000	51.250638	-4.125970E-5
536.000000	51.066467	-5.939252E-5
537.000000	49.394383	-5.791043E-5
538.000000	48.751847	-4.281002E-5
539.000000	49.969244	-4.316084E-5
540.000000	49.162085	-3.523322E-5
541.000000	48.693580	-3.039893E-5
542.000000	49.276257	-3.202866E-5
543.000000	49.202395	-3.740134E-5
544.000000	49.135432	-5.116781E-5
545.000000	48.821298	-5.500003E-5
546.000000	48.407439	-4.874789E-5
547.000000	48.610025	-4.884214E-5
548.000000	48.427531	-3.920019E-5
549.000000	48.107099	-2.836727E-5
550.000000	49.114765	-2.863969E-5
551.000000	49.189680	-3.165496E-5
552.000000	49.859678	-4.280894E-5
553.000000	48.907961	-5.202510E-5
554.000000	48.703166	-5.371041E-5
555.000000	48.567349	-5.432994E-5
556.000000	47.692249	-4.692937E-5
557.000000	47.415136	-3.659521E-5
558.000000	48.522972	-3.532858E-5
559.000000	48.969340	-3.939490E-5
560.000000	49.409315	-4.766405E-5
561.000000	48.226245	-5.564963E-5
562.000000	48.193215	-5.010244E-5
563.000000	48.948802	-5.023379E-5
564.000000	47.840749	-4.185112E-5
565.000000	47.924069	-3.253935E-5
566.000000	48.147063	-3.245709E-5
567.000000	48.814444	-3.502398E-5
568.000000	48.605415	-4.203025E-5
569.000000	48.018164	-4.804349E-5
570.000000	47.714721	-4.518972E-5
571.000000	48.374547	-4.274802E-5
572.000000	47.941767	-3.839827E-5
573.000000	47.636964	-3.111808E-5
574.000000	48.527033	-3.201764E-5
575.000000	48.530606	-3.733102E-5
576.000000	48.888874	-4.824888E-5
577.000000	48.465916	-5.338138E-5
578.000000	48.010332	-5.562181E-5
579.000000	47.941665	-5.172641E-5
580.000000	48.207909	-4.263141E-5
581.000000	47.864610	-3.802730E-5
582.000000	48.166318	-3.640923E-5
583.000000	48.616634	-4.072607E-5
584.000000	48.911786	-4.917772E-5
585.000000	48.528771	-5.190255E-5
586.000000	48.115053	-4.923999E-5
587.000000	48.166297	-4.651208E-5
588.000000	48.067706	-3.892603E-5
589.000000	48.440985	-3.747250E-5
590.000000	48.354321	-3.878768E-5
591.000000	49.116367	-5.650617E-5
592.000000	49.282605	-5.715421E-5
593.000000	49.770153	-5.747713E-5
594.000000	49.574842	-5.483130E-5
595.000000	49.430372	-5.336649E-5
596.000000	49.958169	-5.445499E-5
597.000000	49.705103	-5.596303E-5
598.000000	49.410916	-6.071772E-5
599.000000	49.259806	-6.460570E-5
600.000000	49.304067	-6.735897E-5
601.000000	49.452034	-7.005535E-5
602.000000	49.628249	-6.981406E-5
603.000000	49.803644	-6.841255E-5
604.000000	50.084120	-6.461269E-5
605.000000	50.207901	-6.173312E-5
606.000000	50.093281	-6.227769E-5
607.000000	50.137509	-6.323330E-5
608.000000	49.946898	-6.893915E-5
609.000000	50.474587	-7.524215E-5
610.000000	50.503965	-7.887832E-5
611.000000	50.899912	-8.210893E-5
612.000000	50.858538	-8.085873E-5
613.000000	50.780854	-7.744038E-5
614.000000	51.304783	-7.290592E-5
615.000000	51.498935	-6.928028E-5
616.000000	51.968320	-7.012489E-5
617.000000	51.928573	-7.367238E-5
618.000000	51.953931	-8.070516E-5
619.000000	52.173927	-8.636922E-5
620.000000	52.529967	-8.940342E-5
621.000000	52.872506	-9.228949E-5
622.000000	52.949342	-9.410107E-5
623.000000	53.038667	-9.659235E-5
624.000000	53.315872	-9.951412E-5
625.000000	49.906373	-9.878926E-5
626.000000	52.757210	-9.831705E-5
627.000000	51.654025	-9.685616E-5
628.000000	51.682975	-9.673010E-5
629.000000	52.435072	-9.756503E-5
630.000000	52.339394	-9.895921E-5
631.000000	52.477806	-0.000103
632.000000	52.898533	-0.000109
633.000000	52.620538	-0.000112
634.000000	52.954061	-0.000116
635.000000	52.938443	-0.000115
636.000000	53.092891	-0.000114
637.000000	53.173346	-0.000114
638.000000	52.767379	-0.000113
639.000000	53.100359	-0.000115
640.000000	53.192078	-0.000113
641.000000	53.088594	-0.000111
642.000000	52.843528	-0.000110
643.000000	53.153886	-0.000111
644.000000	53.084504	-0.000117
645.000000	53.135809	-0.000122
646.000000	53.072622	-0.000126
647.000000	53.093514	-0.000126
648.000000	53.004949	-0.000120
649.000000	53.139770	-0.000117
650.000000	53.279958	-0.000114
651.000000	53.125964	-0.000116
652.000000	53.052570	-0.000122
653.000000	53.198398	-0.000126
654.000000	53.041964	-0.000130
655.000000	53.124975	-0.000125
656.000000	52.923773	-0.000119
657.000000	53.374829	-0.000118
658.000000	53.125154	-0.000115
659.000000	53.159552	-0.000121
660.000000	52.845375	-0.000131
661.000000	53.214630	-0.000137
662.000000	53.047784	-0.000139
663.000000	53.349301	-0.000132
664.000000	53.198494	-0.000118
665.000000	52.804052	-0.000111
666.000000	52.821839	-0.000115
667.000000	53.189153	-0.000124
668.000000	53.294272	-0.000135
669.000000	53.124822	-0.000142
670.000000	53.250584	-0.000138
671.000000	53.222978	-0.000127
672.000000	53.059238	-0.000123
673.000000	53.442173	-0.000121
674.000000	53.250027	-0.000122
675.000000	53.411960	-0.000134
676.000000	53.370221	-0.000139
677.000000	53.652441	-0.000138
678.000000	53.571060	-0.000138
679.000000	53.560772	-0.000128
680.000000	53.699744	-0.000121
681.000000	53.991834	-0.000128
682.000000	53.996485	-0.000137
683.000000	53.894506	-0.000141
684.000000	54.182428	-0.000144
685.000000	54.415749	-0.000142
686.000000	54.129170	-0.000128
687.000000	54.536375	-0.000124
688.000000	54.547917	-0.000134
689.000000	54.538961	-0.000138
690.000000	54.889055	-0.000146
691.000000	54.762270	-0.000149
692.000000	54.890926	-0.000142
693.000000	55.387162	-0.000133
694.000000	55.066824	-0.000126
695.000000	54.572906	-0.000125
696.000000	55.111412	-0.000133
697.000000	55.152990	-0.000144
698.000000	55.022351	-0.000149
699.000000	54.928515	-0.000145
700.000000	55.138080	-0.000139
701.000000	54.599275	-0.000135
702.000000	54.848570	-0.000129
703.000000	54.785253	-0.000133
704.000000	54.808382	-0.000147
705.000000	54.652153	-0.000149
706.000000	54.691140	-0.000143
707.000000	54.634476	-0.000142
708.000000	54.718585	-0.000138
709.000000	54.631198	-0.000126
710.000000	54.095157	-0.000127
711.000000	54.059584	-0.000148
712.000000	53.866233	-0.000157
713.000000	53.629627	-0.000147
714.000000	53.724098	-0.000135
715.000000	53.823038	-0.000125
716.000000	53.566429	-0.000125
717.000000	52.892333	-0.000128
718.000000	52.775443	-0.000135
719.000000	52.174658	-0.000141
720.000000	51.897600	-0.000140
721.000000	51.896468	-0.000138
722.000000	51.605697	-0.000131
723.000000	51.161360	-0.000122
724.000000	50.795206	-0.000122
725.000000	50.576974	-0.000128
726.000000	50.348453	-0.000132
727.000000	49.763961	-0.000134
728.000000	49.823983	-0.000132
729.000000	48.895382	-0.000124
730.000000	48.363753	-0.000117
731.000000	48.288261	-0.000114
732.000000	47.484714	-0.000115
733.000000	46.960068	-0.000119
734.000000	46.138036	-0.000123
735.000000	45.742813	-0.000120
736.000000	45.170111	-0.000116
737.000000	44.315583	-0.000111
738.000000	43.662821	-0.000105
739.000000	43.008296	-0.000103
740.000000	42.109537	-0.000103
741.000000	41.557991	-0.000104
742.000000	40.730376	-0.000105
743.000000	39.769806	-0.000100
744.000000	38.682270	-9.297960E-5
745.000000	37.915589	-8.864499E-5
746.000000	37.002445	-8.472110E-5
747.000000	36.040614	-8.283987E-5
748.000000	35.230197	-8.378430E-5
749.000000	34.182883	-8.176878E-5
750.000000	33.068553	-7.895011E-5
751.000000	32.135611	-7.507679E-5
752.000000	31.174765	-6.925123E-5
753.000000	30.173394	-6.525033E-5
754.000000	29.094572	-6.171861E-5
755.000000	27.919708	-5.999565E-5
756.000000	26.885579	-5.896889E-5
757.000000	25.828250	-5.654854E-5
758.000000	24.769599	-5.339423E-5
759.000000	23.735385	-5.012782E-5
760.000000	23.006889	-4.667332E-5
761.000000	21.678478	-4.256336E-5
762.000000	20.604542	-4.036452E-5
763.000000	19.679505	-3.910696E-5
764.000000	18.800499	-3.798649E-5
765.000000	17.819441	-3.591340E-5
766.000000	16.924604	-3.336999E-5
767.000000	16.150800	-3.108702E-5
768.000000	15.326519	-2.861746E-5
769.000000	14.379149	-2.637613E-5
770.000000	13.653299	-2.518734E-5
771.000000	12.918035	-2.417934E-5
772.000000	12.238597	-2.316130E-5
773.000000	11.572393	-2.172353E-5
774.000000	10.905169	-1.991704E-5
775.000000	10.307856	-1.809973E-5
776.000000	9.722318	-1.655411E-5
777.000000	9.147985	-1.562885E-5
778.000000	8.642097	-1.519453E-5
779.000000	8.186749	-1.480291E-5
780.000000	7.726528	-1.410167E-5
781.000000	7.295639	-1.298031E-5
782.000000	6.930682	-1.185865E-5
783.000000	6.551834	-1.083755E-5
784.000000	6.171179	-1.014936E-5
785.000000	5.823919	-9.851768E-6
786.000000	5.533056	-9.496896E-6
787.000000	5.232865	-9.048713E-6
788.000000	4.965230	-8.468517E-6
789.000000	4.718037	-7.712353E-6
790.000000	4.459464	-7.056756E-6
791.000000	4.237995	-6.586750E-6
792.000000	4.010395	-6.356727E-6
793.000000	3.792563	-6.233883E-6
794.000000	3.592362	-6.157920E-6
795.000000	3.441408	-5.957835E-6
796.000000	3.274962	-5.434324E-6
797.000000	3.111256	-4.982905E-6
798.000000	2.969790	-4.716606E-6
799.000000	2.817831	-4.542308E-6
800.000000	2.684402	-4.508247E-6
801.000000	2.563345	-4.505370E-6
802.000000	2.455468	-4.367751E-6
803.000000	2.355822	-4.072178E-6
804.000000	2.254529	-3.698669E-6
805.000000	2.155757	-3.411843E-6
806.000000	2.059659	-3.241589E-6
807.000000	1.968636	-3.191692E-6
808.000000	1.893354	-3.234086E-6
809.000000	1.816368	-3.156990E-6
810.000000	1.744117	-2.947377E-6
811.000000	1.671343	-2.738966E-6
812.000000	1.605651	-2.487506E-6
813.000000	1.542863	-2.319802E-6
814.000000	1.483534	-2.295433E-6
815.000000	1.416163	-2.282691E-6
816.000000	1.367515	-2.308396E-6
817.000000	1.315798	-2.221664E-6
818.000000	1.260509	-2.007480E-6
819.000000	1.217357	-1.833860E-6
820.000000	1.171113	-1.711169E-6
821.000000	1.126885	-1.659213E-6
822.000000	1.082141	-1.681646E-6
823.000000	1.038463	-1.706391E-6
824.000000	1.007658	-1.678391E-6
825.000000	0.969439	-1.580042E-6
826.000000	0.934555	-1.447992E-6
827.000000	0.901751	-1.353928E-6
828.000000	0.867365	-1.314935E-6
829.000000	0.836429	-1.292632E-6
830.000000	0.804983	-1.294247E-6
831.000000	0.773993	-1.280184E-6
832.000000	0.746980	-1.220953E-6
833.000000	0.722420	-1.136287E-6
834.000000	0.697638	-1.044597E-6
835.000000	0.670766	-9.725672E-7
836.000000	0.645155	-9.511723E-7
837.000000	0.623745	-9.513677E-7
838.000000	0.600405	-9.384988E-7
839.000000	0.577572	-9.106914E-7
840.000000	0.559095	-8.681261E-7
841.000000	0.540988	-8.035469E-7
842.000000	0.517614	-7.498247E-7
843.000000	0.499078	-7.331286E-7
844.000000	0.483788	-7.261273E-7
845.000000	0.465239	-7.127213E-7
846.000000	0.449136	-6.919683E-7
847.000000	0.435681	-6.606115E-7
848.000000	0.420710	-6.119515E-7
849.000000	0.404319	-5.635369E-7
850.000000	0.390134	-5.442126E-7
851.000000	0.376037	-5.324123E-7
852.000000	0.363085	-5.192980E-7
853.000000	0.349263	-5.068343E-7
854.000000	0.337485	-4.817806E-7
855.000000	0.325155	-4.473755E-7
856.000000	0.313700	-4.181819E-7
857.000000	0.303194	-3.945917E-7
858.000000	0.291400	-3.818659E-7
859.000000	0.280008	-3.741663E-7
860.000000	0.269769	-3.572385E-7
861.000000	0.260895	-3.348786E-7
862.000000	0.251546	-3.087529E-7
863.000000	0.243056	-2.846832E-7
864.000000	0.234582	-2.697378E-7
865.000000	0.226695	-2.590315E-7
866.000000	0.218533	-2.460347E-7
867.000000	0.209022	-2.367635E-7
868.000000	0.201887	-2.232680E-7
869.000000	0.194354	-2.045244E-7
870.000000	0.189138	-1.929433E-7
871.000000	0.181383	-1.812521E-7
872.000000	0.174429	-1.718876E-7
873.000000	0.167713	-1.661191E-7
874.000000	0.161673	-1.585469E-7
875.000000	0.155425	-1.488325E-7
876.000000	0.150136	-1.393050E-7
877.000000	0.144769	-1.297644E-7
878.000000	0.139396	-1.230653E-7
879.000000	0.134442	-1.171856E-7
880.000000	0.129558	-1.116740E-7
881.000000	0.124531	-1.071819E-7
882.000000	0.119582	-1.013272E-7
883.000000	0.114459	-9.548217E-8
884.000000	0.110501	-9.103428E-8
885.000000	0.106490	-8.542521E-8
886.000000	0.102648	-8.062453E-8
887.000000	0.098740	-7.771720E-8
888.000000	0.095210	-7.488823E-8
889.000000	0.091339	-7.147619E-8
890.000000	0.088196	-6.818432E-8
891.000000	0.084993	-6.470331E-8
892.000000	0.081906	-6.131815E-8
893.000000	0.078780	-5.874467E-8
894.000000	0.075659	-5.736255E-8
895.000000	0.072832	-5.504781E-8
896.000000	0.070081	-5.230800E-8
897.000000	0.067211	-5.023812E-8
898.000000	0.064791	-4.798934E-8
899.000000	0.062292	-4.600623E-8
900.000000	0.060006	-4.421955E-8
901.000000	0.057402	-4.212815E-8
902.000000	0.055280	-4.081590E-8
903.000000	0.053172	-3.892203E-8
904.000000	0.051388	-3.739883E-8
905.000000	0.049259	-3.628283E-8
906.000000	0.047405	-3.465665E-8
907.000000	0.045714	-3.334565E-8
908.000000	0.043786	-3.202443E-8
909.000000	0.042114	-3.055243E-8
910.000000	0.040444	-2.950001E-8
911.000000	0.038861	-2.829133E-8
912.000000	0.037287	-2.721266E-8
913.000000	0.035877	-2.644144E-8
914.000000	0.034508	-2.527235E-8
915.000000	0.033102	-2.420733E-8
916.000000	0.031916	-2.309979E-8
917.000000	0.030636	-2.190016E-8
918.000000	0.029464	-2.137204E-8
919.000000	0.028339	-2.058642E-8
920.000000	0.027156	-1.942644E-8
921.000000	0.026108	-1.880727E-8
922.000000	0.025076	-1.794776E-8
923.000000	0.024079	-1.705786E-8
924.000000	0.023235	-1.651409E-8
925.000000	0.022227	-1.567255E-8
926.000000	0.021316	-1.513965E-8
927.000000	0.020482	-1.459584E-8
928.000000	0.019670	-1.390254E-8
929.000000	0.018892	-1.338411E-8
930.000000	0.018197	-1.257830E-8
931.000000	0.017477	-1.187516E-8
932.000000	0.016832	-1.143019E-8
933.000000	0.016169	-1.082905E-8
934.000000	0.015479	-1.040715E-8
935.000000	0.014920	-1.000237E-8
936.000000	0.014298	-9.471361E-9
937.000000	0.013785	-9.175905E-9
938.000000	0.013268	-8.692056E-9
939.000000	0.012723	-8.237368E-9
940.000000	0.012217	-8.006804E-9
941.000000	0.011744	-7.657042E-9
942.000000	0.011278	-7.371251E-9
943.000000	0.010859	-7.080180E-9
944.000000	0.010406	-6.619232E-9
945.000000	0.010004	-6.286273E-9
946.000000	0.009637	-5.970892E-9
947.000000	0.009251	-5.654957E-9
948.000000	0.008906	-5.492580E-9
949.000000	0.008587	-5.255433E-9
950.000000	0.008213	-5.006590E-9
951.000000	0.007912	-4.802989E-9
952.000000	0.007640	-4.554844E-9
953.000000	0.007301	-4.362982E-9
954.000000	0.007050	-4.208499E-9
955.000000	0.006792	-4.011537E-9
956.000000	0.006527	-3.877727E-9
957.000000	0.006271	-3.690890E-9
958.000000	0.006031	-3.489604E-9
959.000000	0.005827	-3.329476E-9
960.000000	0.005607	-3.121710E-9
961.000000	0.005427	-2.999612E-9
962.000000	0.005218	-2.875171E-9
963.000000	0.005001	-2.743975E-9
964.000000	0.004818	-2.665950E-9
965.000000	0.004658	-2.544437E-9
966.000000	0.004470	-2.408361E-9
967.000000	0.004320	-2.324374E-9
968.000000	0.004157	-2.211790E-9
969.000000	0.004005	-2.129458E-9
970.000000	0.003872	-2.054134E-9
971.000000	0.003738	-1.948547E-9
972.000000	0.003594	-1.851228E-9
973.000000	0.003481	-1.759926E-9
974.000000	0.003356	-1.659472E-9
975.000000	0.003247	-1.587995E-9
976.000000	0.003126	-1.510978E-9
977.000000	0.003024	-1.459986E-9
978.000000	0.002915	-1.413534E-9
979.000000	0.002815	-1.356125E-9
980.000000	0.002717	-1.304434E-9
981.000000	0.002624	-1.249618E-9
982.000000	0.002539	-1.203196E-9
983.000000	0.002445	-1.167543E-9
984.000000	0.002371	-1.123818E-9
985.000000	0.002287	-1.074345E-9
986.000000	0.002221	-1.030897E-9
987.000000	0.002155	-9.788385E-10
988.000000	0.002095	-9.357464E-10
989.000000	0.002036	-8.989447E-10
990.000000	0.001967	-8.590688E-10
991.000000	0.001901	-8.327015E-10
992.000000	0.001844	-8.124880E-10
993.000000	0.001782	-7.913707E-10
994.000000	0.001714	-7.716260E-10
995.000000	0.001670	-7.522510E-10
996.000000	0.001615	-7.296440E-10
997.000000	0.001567	-7.065561E-10
998.000000	0.001517	-6.835445E-10
999.000000	0.001469	-6.638351E-10
1000.000000	0.001430	-6.424657E-10
1001.000000	0.001386	-6.188731E-10
1002.000000	0.001351	-6.002255E-10
1003.000000	0.001310	-5.763043E-10
1004.000000	0.001277	-5.563018E-10
1005.000000	0.001242	-5.421125E-10
1006.000000	0.001204	-5.282692E-10
1007.000000	0.001166	-5.183088E-10
1008.000000	0.001130	-5.065067E-10
1009.000000	0.001100	-4.921706E-10
1010.000000	0.001064	-4.787255E-10
1011.000000	0.001038	-4.649877E-10
1012.000000	0.001005	-4.525171E-10
1013.000000	0.000975	-4.465514E-10
1014.000000	0.000947	-4.358578E-10
1015.000000	0.000921	-4.231820E-10
1016.000000	0.000894	-4.129755E-10
1017.000000	0.000868	-4.058364E-10
1018.000000	0.000839	-4.015308E-10
1019.000000	0.000807	-4.003987E-10
1020.000000	0.000785	-4.027214E-10
1021.000000	0.000753	-3.965332E-10
1022.000000	0.000735	-3.865908E-10
1023.000000	0.000714	-3.765658E-10
1024.000000	0.000686	-3.718084E-10
1025.000000	0.000662	-3.722780E-10
1026.000000	0.000635	-3.748120E-10
1027.000000	0.000613	-3.798857E-10
1028.000000	0.000593	-3.866668E-10
1029.000000	0.000564	-3.883094E-10
1030.000000	0.000546	-3.906910E-10
1031.000000	0.000532	-3.899869E-10
1032.000000	0.000516	-3.844319E-10
1033.000000	0.000504	-3.733162E-10
1034.000000	0.000497	-3.557598E-10
1035.000000	0.000493	-3.351587E-10
1036.000000	0.000489	-3.117304E-10
1037.000000	0.000483	-2.903726E-10
1038.000000	0.000472	-2.723000E-10
1039.000000	0.000469	-2.616945E-10
1040.000000	0.000460	-2.524676E-10
1041.000000	0.000449	-2.441322E-10
1042.000000	0.000440	-2.369348E-10
1043.000000	0.000432	-2.310572E-10
1044.000000	0.000424	-2.263879E-10
1045.000000	0.000412	-2.219123E-10
1046.000000	0.000401	-2.195484E-10
1047.000000	0.000387	-2.183869E-10
1048.000000	0.000373	-2.178941E-10
1049.000000	0.000360	-2.173251E-10
1050.000000	0.000349	-2.162868E-10
1051.000000	0.000338	-2.136648E-10
1052.000000	0.000328	-2.131778E-10
1053.000000	0.000317	-2.143980E-10
1054.000000	0.000304	-2.133012E-10
1055.000000	0.000294	-2.150372E-10
1056.000000	0.000281	-2.183868E-10
1057.000000	0.000270	-2.214313E-10
1058.000000	0.000261	-2.269979E-10
1059.000000	0.000249	-2.358672E-10
1060.000000	0.000237	-2.546791E-10
1061.000000	0.000223	-2.825771E-10
1062.000000	0.000209	-3.275624E-10
1063.000000	0.000187	-4.612395E-10
1064.000000	0.000163	-7.554777E-10
1065.000000	0.000166	-8.734985E-10
1066.000000	0.000168	-5.982542E-10
1067.000000	0.000173	-3.574490E-10
1068.000000	0.000177	-2.719129E-10
1069.000000	0.000185	-2.204456E-10
1070.000000	0.000193	-1.863006E-10
1071.000000	0.000197	-1.683687E-10
1072.000000	0.000204	-1.580800E-10
1073.000000	0.000203	-1.476094E-10
1074.000000	0.000205	-1.387695E-10
1075.000000	0.000206	-1.323640E-10
1076.000000	0.000206	-1.266448E-10
1077.000000	0.000204	-1.218758E-10
1078.000000	0.000204	-1.185205E-10
1079.000000	0.000201	-1.139628E-10
1080.000000	0.000200	-1.110415E-10
1081.000000	0.000197	-1.066421E-10
1082.000000	0.000197	-1.047181E-10
1083.000000	0.000194	-1.020550E-10
1084.000000	0.000191	-9.871730E-11
1085.000000	0.000191	-9.763206E-11
1086.000000	0.000188	-9.565536E-11
1087.000000	0.000187	-9.322110E-11
1088.000000	0.000185	-9.164305E-11
1089.000000	0.000182	-9.007110E-11
1090.000000	0.000179	-8.788895E-11
1091.000000	0.000181	-8.790063E-11
1092.000000	0.000179	-8.607055E-11
1093.000000	0.000176	-8.392363E-11
1094.000000	0.000174	-8.182371E-11
1095.000000	0.000175	-8.041587E-11
1096.000000	0.000172	-7.863261E-11
1097.000000	0.000170	-7.792288E-11
1098.000000	0.000168	-7.662063E-11
1099.000000	0.000163	-7.616896E-11
1100.000000	0.000160	-7.678484E-11
