Wavelength (nm)	EQE (%)	Current (A)	Dark Current (A) -> 	-9.940234000E-12	
400.000000	33.321778	-7.212489E-7
401.000000	35.242945	-1.055748E-6
402.000000	35.194208	-1.601726E-6
403.000000	35.849793	-2.425563E-6
404.000000	36.114882	-3.281398E-6
405.000000	36.232748	-4.398197E-6
406.000000	36.479777	-6.074997E-6
407.000000	36.269061	-6.564765E-6
408.000000	36.508085	-7.186527E-6
409.000000	36.684755	-8.072882E-6
410.000000	37.115023	-8.192087E-6
411.000000	37.318196	-1.093573E-5
412.000000	36.842527	-1.256266E-5
413.000000	37.157109	-1.644924E-5
414.000000	37.073745	-1.911418E-5
415.000000	37.298475	-1.918332E-5
416.000000	37.198492	-1.825966E-5
417.000000	37.082055	-1.628698E-5
418.000000	36.814727	-1.100020E-5
419.000000	38.066684	-8.291609E-6
420.000000	37.898786	-8.414957E-6
421.000000	37.511837	-9.080292E-6
422.000000	37.574549	-8.239038E-6
423.000000	38.422888	-8.760371E-6
424.000000	38.404284	-9.769569E-6
425.000000	38.260461	-1.050883E-5
426.000000	38.203097	-1.115296E-5
427.000000	38.986031	-1.184388E-5
428.000000	39.089408	-1.305606E-5
429.000000	38.950421	-1.451589E-5
430.000000	39.145898	-1.583027E-5
431.000000	38.860011	-1.600057E-5
432.000000	38.715562	-1.575819E-5
433.000000	39.179769	-1.621024E-5
434.000000	39.003751	-1.808037E-5
435.000000	39.245472	-1.857475E-5
436.000000	39.572100	-1.885860E-5
437.000000	40.134104	-2.061997E-5
438.000000	39.821301	-2.130759E-5
439.000000	39.579580	-2.082232E-5
440.000000	40.052483	-2.088954E-5
441.000000	40.195291	-2.301572E-5
442.000000	39.882927	-2.229749E-5
443.000000	39.958097	-2.137715E-5
444.000000	40.617223	-2.143782E-5
445.000000	40.390806	-2.119485E-5
446.000000	40.523012	-2.067807E-5
447.000000	41.077826	-2.343347E-5
448.000000	41.249649	-2.655546E-5
449.000000	40.533537	-2.431755E-5
450.000000	40.813933	-2.266656E-5
451.000000	41.779558	-2.541861E-5
452.000000	41.769709	-2.680344E-5
453.000000	41.501190	-2.467157E-5
454.000000	41.773691	-2.176247E-5
455.000000	42.211620	-2.311065E-5
456.000000	42.710829	-2.741854E-5
457.000000	42.597882	-3.024140E-5
458.000000	42.755621	-3.094830E-5
459.000000	42.328297	-2.898121E-5
460.000000	42.713626	-2.726487E-5
461.000000	43.432451	-2.603483E-5
462.000000	43.424988	-2.541534E-5
463.000000	43.313770	-2.546988E-5
464.000000	43.273091	-2.538257E-5
465.000000	43.818112	-2.597223E-5
466.000000	43.639901	-2.424484E-5
467.000000	43.019629	-1.938402E-5
468.000000	44.577866	-1.951572E-5
469.000000	45.000744	-2.551839E-5
470.000000	43.531213	-2.623161E-5
471.000000	43.040159	-1.981602E-5
472.000000	44.453390	-1.896409E-5
473.000000	44.712755	-2.623496E-5
474.000000	44.200395	-2.700161E-5
475.000000	43.068141	-2.037510E-5
476.000000	43.953457	-1.932147E-5
477.000000	43.919340	-2.279892E-5
478.000000	43.577307	-2.124570E-5
479.000000	44.446108	-2.095323E-5
480.000000	44.994419	-2.527280E-5
481.000000	43.913508	-2.439174E-5
482.000000	43.071741	-1.741343E-5
483.000000	45.653681	-1.878196E-5
484.000000	44.997287	-2.357943E-5
485.000000	43.173967	-1.914989E-5
486.000000	44.743171	-1.756232E-5
487.000000	44.513435	-2.079172E-5
488.000000	44.151796	-2.056257E-5
489.000000	44.583455	-1.759867E-5
490.000000	45.387263	-1.991571E-5
491.000000	44.330874	-2.157430E-5
492.000000	44.724363	-2.401120E-5
493.000000	44.634076	-2.550867E-5
494.000000	43.743096	-2.277998E-5
495.000000	44.271420	-2.235698E-5
496.000000	43.917302	-2.542802E-5
497.000000	44.084771	-2.737010E-5
498.000000	44.066496	-2.514037E-5
499.000000	44.160408	-2.435032E-5
500.000000	44.675128	-2.739003E-5
501.000000	44.638933	-3.283140E-5
502.000000	44.018010	-3.102723E-5
503.000000	44.456165	-2.902468E-5
504.000000	43.212700	-3.408295E-5
505.000000	43.589588	-3.818780E-5
506.000000	43.156630	-3.505427E-5
507.000000	42.955363	-2.800235E-5
508.000000	43.863890	-2.797352E-5
509.000000	43.729808	-2.856769E-5
510.000000	43.911117	-2.509316E-5
511.000000	43.699947	-2.218030E-5
512.000000	44.594196	-2.521863E-5
513.000000	45.041819	-2.908558E-5
514.000000	43.826147	-3.499237E-5
515.000000	45.012506	-4.112771E-5
516.000000	45.476672	-5.292425E-5
517.000000	44.631422	-6.230889E-5
518.000000	44.033104	-5.303761E-5
519.000000	43.642103	-4.280588E-5
520.000000	44.065726	-4.100361E-5
521.000000	43.369260	-3.100100E-5
522.000000	43.575768	-2.457653E-5
523.000000	44.617148	-2.300057E-5
524.000000	45.674243	-3.089200E-5
525.000000	45.990723	-4.355955E-5
526.000000	45.133466	-4.764517E-5
527.000000	45.952880	-5.246577E-5
528.000000	45.392855	-5.885288E-5
529.000000	45.096364	-5.599056E-5
530.000000	44.898733	-4.205697E-5
531.000000	44.450205	-3.130476E-5
532.000000	45.314314	-2.536318E-5
533.000000	45.529625	-2.691741E-5
534.000000	45.785081	-2.937990E-5
535.000000	47.065073	-3.789008E-5
536.000000	47.281053	-5.498992E-5
537.000000	45.908399	-5.382343E-5
538.000000	46.041639	-4.043013E-5
539.000000	46.568715	-4.022364E-5
540.000000	45.889289	-3.288769E-5
541.000000	46.646424	-2.912091E-5
542.000000	47.042163	-3.057654E-5
543.000000	47.536612	-3.613509E-5
544.000000	47.936359	-4.991914E-5
545.000000	47.674602	-5.370821E-5
546.000000	47.365298	-4.769842E-5
547.000000	48.198888	-4.842904E-5
548.000000	47.755565	-3.865626E-5
549.000000	48.259015	-2.845685E-5
550.000000	48.891397	-2.850944E-5
551.000000	49.204148	-3.166427E-5
552.000000	50.472812	-4.333537E-5
553.000000	49.416292	-5.256583E-5
554.000000	49.445025	-5.452854E-5
555.000000	49.502055	-5.537555E-5
556.000000	48.471453	-4.769611E-5
557.000000	48.505218	-3.743654E-5
558.000000	50.561719	-3.681295E-5
559.000000	50.692873	-4.078145E-5
560.000000	51.818410	-4.998805E-5
561.000000	50.474193	-5.824360E-5
562.000000	50.658664	-5.266556E-5
563.000000	50.479762	-5.180494E-5
564.000000	50.415735	-4.410372E-5
565.000000	50.203100	-3.408676E-5
566.000000	51.078645	-3.443334E-5
567.000000	51.463574	-3.692471E-5
568.000000	51.668197	-4.467871E-5
569.000000	51.626441	-5.165367E-5
570.000000	51.917676	-4.917026E-5
571.000000	51.586653	-4.558652E-5
572.000000	51.990594	-4.164112E-5
573.000000	51.627893	-3.372509E-5
574.000000	53.323060	-3.518201E-5
575.000000	53.872896	-4.144045E-5
576.000000	53.915355	-5.320956E-5
577.000000	53.243363	-5.864336E-5
578.000000	53.004823	-6.140812E-5
579.000000	52.456354	-5.659751E-5
580.000000	53.242365	-4.708350E-5
581.000000	53.328788	-4.236846E-5
582.000000	52.931154	-4.001100E-5
583.000000	53.601496	-4.490188E-5
584.000000	54.660390	-5.495758E-5
585.000000	53.946186	-5.769659E-5
586.000000	53.541912	-5.479373E-5
587.000000	54.192065	-5.233090E-5
588.000000	54.993792	-4.453489E-5
589.000000	54.352602	-4.204555E-5
590.000000	54.473172	-4.369595E-5
591.000000	55.025672	-6.330456E-5
592.000000	55.360975	-6.420344E-5
593.000000	55.752567	-6.438593E-5
594.000000	55.900408	-6.182757E-5
595.000000	56.406210	-6.089781E-5
596.000000	56.485714	-6.157009E-5
597.000000	56.562730	-6.368404E-5
598.000000	56.021160	-6.884060E-5
599.000000	56.444615	-7.402879E-5
600.000000	56.536929	-7.724047E-5
601.000000	56.587428	-8.016358E-5
602.000000	56.193177	-7.904921E-5
603.000000	56.369771	-7.743208E-5
604.000000	56.740364	-7.319980E-5
605.000000	56.839783	-6.988735E-5
606.000000	57.686813	-7.171823E-5
607.000000	57.505729	-7.252608E-5
608.000000	57.353656	-7.916232E-5
609.000000	58.170413	-8.671427E-5
610.000000	58.426457	-9.125186E-5
611.000000	58.323616	-9.408444E-5
612.000000	58.205001	-9.253869E-5
613.000000	58.450056	-8.913585E-5
614.000000	58.807931	-8.356816E-5
615.000000	58.719706	-7.899421E-5
616.000000	59.117386	-7.977168E-5
617.000000	59.278008	-8.409921E-5
618.000000	59.492234	-9.241515E-5
619.000000	59.892833	-9.914717E-5
620.000000	60.113664	-0.000102
621.000000	60.714116	-0.000106
622.000000	60.452213	-0.000107
623.000000	60.423733	-0.000110
624.000000	60.938467	-0.000114
625.000000	60.282389	-0.000119
626.000000	60.441551	-0.000113
627.000000	58.548954	-0.000110
628.000000	58.675584	-0.000110
629.000000	59.579961	-0.000111
630.000000	59.607250	-0.000113
631.000000	59.604811	-0.000118
632.000000	59.927088	-0.000124
633.000000	59.924222	-0.000128
634.000000	60.043202	-0.000131
635.000000	59.703009	-0.000130
636.000000	59.955076	-0.000128
637.000000	59.931594	-0.000129
638.000000	59.528805	-0.000128
639.000000	59.787942	-0.000129
640.000000	59.554376	-0.000126
641.000000	59.724897	-0.000124
642.000000	59.670004	-0.000124
643.000000	59.702955	-0.000125
644.000000	59.816452	-0.000132
645.000000	59.973847	-0.000138
646.000000	59.705816	-0.000142
647.000000	59.584718	-0.000142
648.000000	59.376621	-0.000135
649.000000	59.845267	-0.000131
650.000000	59.275879	-0.000127
651.000000	59.635817	-0.000130
652.000000	59.606863	-0.000137
653.000000	59.779965	-0.000142
654.000000	59.586323	-0.000145
655.000000	59.556653	-0.000140
656.000000	59.271886	-0.000133
657.000000	59.207628	-0.000130
658.000000	59.258396	-0.000128
659.000000	59.162642	-0.000135
660.000000	59.295172	-0.000147
661.000000	59.386453	-0.000152
662.000000	59.140293	-0.000155
663.000000	59.365414	-0.000147
664.000000	59.107719	-0.000131
665.000000	58.729315	-0.000124
666.000000	59.019238	-0.000128
667.000000	59.282722	-0.000139
668.000000	59.109700	-0.000150
669.000000	59.006221	-0.000157
670.000000	58.803441	-0.000153
671.000000	58.697698	-0.000140
672.000000	58.730535	-0.000137
673.000000	58.965839	-0.000134
674.000000	58.799332	-0.000135
675.000000	58.989793	-0.000148
676.000000	58.874717	-0.000153
677.000000	59.279687	-0.000152
678.000000	59.230152	-0.000152
679.000000	58.962018	-0.000141
680.000000	58.996473	-0.000133
681.000000	59.480820	-0.000140
682.000000	59.425999	-0.000150
683.000000	59.122922	-0.000155
684.000000	59.369876	-0.000158
685.000000	59.504571	-0.000156
686.000000	59.109159	-0.000139
687.000000	59.653413	-0.000136
688.000000	59.931895	-0.000147
689.000000	59.880455	-0.000152
690.000000	59.858584	-0.000160
691.000000	59.856155	-0.000163
692.000000	59.704450	-0.000154
693.000000	60.249879	-0.000145
694.000000	60.113404	-0.000138
695.000000	59.657985	-0.000137
696.000000	60.102804	-0.000145
697.000000	60.066415	-0.000157
698.000000	60.140649	-0.000163
699.000000	59.871401	-0.000158
700.000000	60.008054	-0.000151
701.000000	59.644129	-0.000148
702.000000	59.671425	-0.000140
703.000000	59.716878	-0.000145
704.000000	59.655567	-0.000160
705.000000	59.565362	-0.000162
706.000000	59.490773	-0.000155
707.000000	59.239627	-0.000154
708.000000	59.473265	-0.000151
709.000000	58.962637	-0.000136
710.000000	58.727450	-0.000137
711.000000	58.587698	-0.000161
712.000000	58.157096	-0.000170
713.000000	57.950263	-0.000159
714.000000	57.876491	-0.000145
715.000000	58.122696	-0.000135
716.000000	57.944882	-0.000135
717.000000	57.254769	-0.000138
718.000000	56.872476	-0.000145
719.000000	56.346138	-0.000152
720.000000	55.948437	-0.000151
721.000000	55.971967	-0.000149
722.000000	55.355793	-0.000141
723.000000	55.045861	-0.000131
724.000000	54.567691	-0.000131
725.000000	54.086795	-0.000137
726.000000	53.770018	-0.000141
727.000000	53.120556	-0.000144
728.000000	53.180679	-0.000140
729.000000	52.472011	-0.000133
730.000000	51.539579	-0.000125
731.000000	51.351482	-0.000121
732.000000	50.445123	-0.000122
733.000000	49.779920	-0.000126
734.000000	49.022379	-0.000131
735.000000	48.361551	-0.000127
736.000000	47.790836	-0.000122
737.000000	46.932592	-0.000118
738.000000	45.956718	-0.000111
739.000000	45.175841	-0.000109
740.000000	44.095134	-0.000108
741.000000	43.553088	-0.000109
742.000000	42.368280	-0.000109
743.000000	41.302711	-0.000104
744.000000	40.410224	-9.713304E-5
745.000000	39.434531	-9.219621E-5
746.000000	38.234201	-8.754134E-5
747.000000	37.429690	-8.603268E-5
748.000000	36.375847	-8.650888E-5
749.000000	35.302252	-8.444642E-5
750.000000	34.202097	-8.165641E-5
751.000000	33.194637	-7.755094E-5
752.000000	32.072470	-7.124538E-5
753.000000	30.908007	-6.683894E-5
754.000000	29.841493	-6.330306E-5
755.000000	28.655083	-6.157587E-5
756.000000	27.652533	-6.065107E-5
757.000000	26.557617	-5.814542E-5
758.000000	25.371467	-5.469164E-5
759.000000	24.420005	-5.157370E-5
760.000000	23.362482	-4.739470E-5
761.000000	22.263176	-4.371135E-5
762.000000	21.135606	-4.140488E-5
763.000000	20.157104	-4.005604E-5
764.000000	19.229896	-3.885409E-5
765.000000	18.279731	-3.684107E-5
766.000000	17.429730	-3.436594E-5
767.000000	16.518033	-3.179387E-5
768.000000	15.652833	-2.922675E-5
769.000000	14.800262	-2.714859E-5
770.000000	13.992358	-2.581283E-5
771.000000	13.246899	-2.479489E-5
772.000000	12.500095	-2.365618E-5
773.000000	11.815358	-2.217962E-5
774.000000	11.123934	-2.031659E-5
775.000000	10.529398	-1.848874E-5
776.000000	9.906420	-1.686758E-5
777.000000	9.321617	-1.592549E-5
778.000000	8.836722	-1.553672E-5
779.000000	8.303880	-1.501470E-5
780.000000	7.853091	-1.433266E-5
781.000000	7.436372	-1.323070E-5
782.000000	7.017588	-1.200735E-5
783.000000	6.631931	-1.097004E-5
784.000000	6.228656	-1.024389E-5
785.000000	5.883888	-9.953211E-6
786.000000	5.573071	-9.565579E-6
787.000000	5.277324	-9.125592E-6
788.000000	5.009641	-8.544263E-6
789.000000	4.744614	-7.755797E-6
790.000000	4.477660	-7.085550E-6
791.000000	4.254098	-6.611777E-6
792.000000	4.019050	-6.370446E-6
793.000000	3.805097	-6.254485E-6
794.000000	3.599385	-6.169957E-6
795.000000	3.438237	-5.952345E-6
796.000000	3.277048	-5.437785E-6
797.000000	3.103971	-4.971236E-6
798.000000	2.958851	-4.699232E-6
799.000000	2.802407	-4.517444E-6
800.000000	2.669977	-4.484020E-6
801.000000	2.548793	-4.479793E-6
802.000000	2.437267	-4.335376E-6
803.000000	2.329033	-4.025871E-6
804.000000	2.225900	-3.651702E-6
805.000000	2.125643	-3.364182E-6
806.000000	2.028609	-3.192720E-6
807.000000	1.943106	-3.150301E-6
808.000000	1.866086	-3.187508E-6
809.000000	1.790279	-3.111644E-6
810.000000	1.725557	-2.916013E-6
811.000000	1.647873	-2.700504E-6
812.000000	1.582711	-2.451967E-6
813.000000	1.509909	-2.270253E-6
814.000000	1.456671	-2.253868E-6
815.000000	1.392930	-2.245241E-6
816.000000	1.338657	-2.259683E-6
817.000000	1.295369	-2.187170E-6
818.000000	1.247414	-1.986625E-6
819.000000	1.198982	-1.806179E-6
820.000000	1.150522	-1.681083E-6
821.000000	1.110134	-1.634550E-6
822.000000	1.062845	-1.651660E-6
823.000000	1.020438	-1.676773E-6
824.000000	0.988490	-1.646464E-6
825.000000	0.951501	-1.550806E-6
826.000000	0.916498	-1.420015E-6
827.000000	0.884010	-1.327291E-6
828.000000	0.852511	-1.292416E-6
829.000000	0.824601	-1.274352E-6
830.000000	0.789131	-1.268761E-6
831.000000	0.760177	-1.257331E-6
832.000000	0.735384	-1.201999E-6
833.000000	0.711046	-1.118397E-6
834.000000	0.684760	-1.025315E-6
835.000000	0.659518	-9.562583E-7
836.000000	0.631417	-9.309184E-7
837.000000	0.611877	-9.332664E-7
838.000000	0.589407	-9.213076E-7
839.000000	0.569621	-8.981553E-7
840.000000	0.550663	-8.550340E-7
841.000000	0.532878	-7.915015E-7
842.000000	0.511469	-7.409235E-7
843.000000	0.491612	-7.221611E-7
844.000000	0.476476	-7.151530E-7
845.000000	0.458518	-7.024262E-7
846.000000	0.443582	-6.834114E-7
847.000000	0.429375	-6.510497E-7
848.000000	0.414387	-6.027531E-7
849.000000	0.398709	-5.557177E-7
850.000000	0.384729	-5.366724E-7
851.000000	0.371734	-5.263199E-7
852.000000	0.357750	-5.116680E-7
853.000000	0.345079	-5.007618E-7
854.000000	0.333973	-4.767667E-7
855.000000	0.322214	-4.433292E-7
856.000000	0.310323	-4.136808E-7
857.000000	0.298674	-3.887096E-7
858.000000	0.288623	-3.782270E-7
859.000000	0.277193	-3.704052E-7
860.000000	0.267756	-3.545736E-7
861.000000	0.258991	-3.324350E-7
862.000000	0.250082	-3.069556E-7
863.000000	0.241435	-2.827856E-7
864.000000	0.232245	-2.670511E-7
865.000000	0.225311	-2.574496E-7
866.000000	0.217216	-2.445512E-7
867.000000	0.207603	-2.351559E-7
868.000000	0.200944	-2.222251E-7
869.000000	0.193687	-2.038231E-7
870.000000	0.187733	-1.915098E-7
871.000000	0.180922	-1.807921E-7
872.000000	0.174403	-1.718618E-7
873.000000	0.167833	-1.662372E-7
874.000000	0.162074	-1.589404E-7
875.000000	0.155616	-1.490151E-7
876.000000	0.150329	-1.394846E-7
877.000000	0.145172	-1.301260E-7
878.000000	0.139893	-1.235043E-7
879.000000	0.134880	-1.175673E-7
880.000000	0.129925	-1.119901E-7
881.000000	0.124688	-1.073164E-7
882.000000	0.119959	-1.016467E-7
883.000000	0.115169	-9.607439E-8
884.000000	0.111633	-9.196658E-8
885.000000	0.107281	-8.605968E-8
886.000000	0.103315	-8.114831E-8
887.000000	0.099984	-7.869649E-8
888.000000	0.096294	-7.574138E-8
889.000000	0.092610	-7.247132E-8
890.000000	0.089306	-6.904218E-8
891.000000	0.086293	-6.569292E-8
892.000000	0.083247	-6.232255E-8
893.000000	0.080000	-5.965452E-8
894.000000	0.076884	-5.829158E-8
895.000000	0.074189	-5.607365E-8
896.000000	0.071342	-5.324967E-8
897.000000	0.068575	-5.125741E-8
898.000000	0.066256	-4.907412E-8
899.000000	0.063651	-4.701022E-8
900.000000	0.061265	-4.514710E-8
901.000000	0.058892	-4.322164E-8
902.000000	0.056599	-4.178974E-8
903.000000	0.054557	-3.993553E-8
904.000000	0.052484	-3.819651E-8
905.000000	0.050332	-3.707318E-8
906.000000	0.048544	-3.548926E-8
907.000000	0.046788	-3.412860E-8
908.000000	0.044799	-3.276505E-8
909.000000	0.043277	-3.139656E-8
910.000000	0.041536	-3.029667E-8
911.000000	0.039856	-2.901595E-8
912.000000	0.038474	-2.807886E-8
913.000000	0.036919	-2.720922E-8
914.000000	0.035576	-2.605425E-8
915.000000	0.034179	-2.499542E-8
916.000000	0.032934	-2.383689E-8
917.000000	0.031615	-2.259979E-8
918.000000	0.030404	-2.205389E-8
919.000000	0.029251	-2.124914E-8
920.000000	0.028074	-2.008352E-8
921.000000	0.026957	-1.941881E-8
922.000000	0.025952	-1.857472E-8
923.000000	0.024913	-1.764885E-8
924.000000	0.024065	-1.710401E-8
925.000000	0.023061	-1.626097E-8
926.000000	0.022185	-1.575718E-8
927.000000	0.021328	-1.519841E-8
928.000000	0.020463	-1.446320E-8
929.000000	0.019696	-1.395371E-8
930.000000	0.018969	-1.311142E-8
931.000000	0.018189	-1.235839E-8
932.000000	0.017519	-1.189656E-8
933.000000	0.016851	-1.128583E-8
934.000000	0.016149	-1.085774E-8
935.000000	0.015579	-1.044433E-8
936.000000	0.014924	-9.886300E-9
937.000000	0.014376	-9.568837E-9
938.000000	0.013873	-9.088520E-9
939.000000	0.013323	-8.625658E-9
940.000000	0.012804	-8.391451E-9
941.000000	0.012294	-8.015988E-9
942.000000	0.011823	-7.727349E-9
943.000000	0.011336	-7.391062E-9
944.000000	0.010893	-6.929139E-9
945.000000	0.010484	-6.588025E-9
946.000000	0.010105	-6.260759E-9
947.000000	0.009692	-5.924152E-9
948.000000	0.009332	-5.755061E-9
949.000000	0.008996	-5.505842E-9
950.000000	0.008629	-5.260288E-9
951.000000	0.008316	-5.048126E-9
952.000000	0.008002	-4.771023E-9
953.000000	0.007674	-4.586013E-9
954.000000	0.007402	-4.418629E-9
955.000000	0.007129	-4.210451E-9
956.000000	0.006856	-4.073272E-9
957.000000	0.006588	-3.877330E-9
958.000000	0.006334	-3.664526E-9
959.000000	0.006114	-3.493587E-9
960.000000	0.005899	-3.284532E-9
961.000000	0.005666	-3.132069E-9
962.000000	0.005462	-3.009817E-9
963.000000	0.005250	-2.880628E-9
964.000000	0.005065	-2.802501E-9
965.000000	0.004888	-2.669890E-9
966.000000	0.004698	-2.531263E-9
967.000000	0.004548	-2.446895E-9
968.000000	0.004368	-2.324210E-9
969.000000	0.004210	-2.238527E-9
970.000000	0.004063	-2.155167E-9
971.000000	0.003915	-2.040635E-9
972.000000	0.003774	-1.944155E-9
973.000000	0.003650	-1.845468E-9
974.000000	0.003523	-1.742478E-9
975.000000	0.003404	-1.664715E-9
976.000000	0.003287	-1.589029E-9
977.000000	0.003174	-1.532247E-9
978.000000	0.003060	-1.484123E-9
979.000000	0.002954	-1.422738E-9
980.000000	0.002855	-1.370772E-9
981.000000	0.002762	-1.315216E-9
982.000000	0.002664	-1.262863E-9
983.000000	0.002572	-1.227943E-9
984.000000	0.002492	-1.181514E-9
985.000000	0.002406	-1.130424E-9
986.000000	0.002336	-1.084341E-9
987.000000	0.002263	-1.027730E-9
988.000000	0.002196	-9.810494E-10
989.000000	0.002134	-9.422405E-10
990.000000	0.002062	-9.001875E-10
991.000000	0.001989	-8.713396E-10
992.000000	0.001927	-8.491668E-10
993.000000	0.001865	-8.281323E-10
994.000000	0.001803	-8.118485E-10
995.000000	0.001748	-7.876284E-10
996.000000	0.001691	-7.636543E-10
997.000000	0.001641	-7.399738E-10
998.000000	0.001590	-7.160585E-10
999.000000	0.001535	-6.937864E-10
1000.000000	0.001495	-6.712905E-10
1001.000000	0.001446	-6.458151E-10
1002.000000	0.001406	-6.247093E-10
1003.000000	0.001364	-6.004365E-10
1004.000000	0.001335	-5.816775E-10
1005.000000	0.001291	-5.633701E-10
1006.000000	0.001258	-5.517792E-10
1007.000000	0.001217	-5.409451E-10
1008.000000	0.001177	-5.274359E-10
1009.000000	0.001144	-5.115747E-10
1010.000000	0.001110	-4.992738E-10
1011.000000	0.001084	-4.855884E-10
1012.000000	0.001049	-4.724313E-10
1013.000000	0.001017	-4.658325E-10
1014.000000	0.000985	-4.531386E-10
1015.000000	0.000960	-4.409204E-10
1016.000000	0.000928	-4.288246E-10
1017.000000	0.000901	-4.214453E-10
1018.000000	0.000871	-4.169936E-10
1019.000000	0.000838	-4.156855E-10
1020.000000	0.000810	-4.156267E-10
1021.000000	0.000777	-4.089099E-10
1022.000000	0.000753	-3.960991E-10
1023.000000	0.000729	-3.848423E-10
1024.000000	0.000702	-3.804724E-10
1025.000000	0.000677	-3.810822E-10
1026.000000	0.000649	-3.828305E-10
1027.000000	0.000627	-3.883092E-10
1028.000000	0.000601	-3.924741E-10
1029.000000	0.000575	-3.958350E-10
1030.000000	0.000557	-3.982579E-10
1031.000000	0.000540	-3.959994E-10
1032.000000	0.000524	-3.903448E-10
1033.000000	0.000515	-3.809650E-10
1034.000000	0.000507	-3.626227E-10
1035.000000	0.000503	-3.419274E-10
1036.000000	0.000498	-3.178484E-10
1037.000000	0.000492	-2.957811E-10
1038.000000	0.000483	-2.788228E-10
1039.000000	0.000476	-2.655835E-10
1040.000000	0.000467	-2.560338E-10
1041.000000	0.000456	-2.477452E-10
1042.000000	0.000447	-2.404307E-10
1043.000000	0.000437	-2.335326E-10
1044.000000	0.000428	-2.284350E-10
1045.000000	0.000415	-2.236192E-10
1046.000000	0.000403	-2.205572E-10
1047.000000	0.000388	-2.190145E-10
1048.000000	0.000375	-2.191084E-10
1049.000000	0.000360	-2.170727E-10
1050.000000	0.000348	-2.155418E-10
1051.000000	0.000338	-2.139112E-10
1052.000000	0.000325	-2.113185E-10
1053.000000	0.000313	-2.118524E-10
1054.000000	0.000301	-2.110722E-10
1055.000000	0.000289	-2.112130E-10
1056.000000	0.000275	-2.136356E-10
1057.000000	0.000265	-2.175597E-10
1058.000000	0.000254	-2.204048E-10
1059.000000	0.000242	-2.288573E-10
1060.000000	0.000228	-2.453583E-10
1061.000000	0.000213	-2.702705E-10
1062.000000	0.000199	-3.111850E-10
1063.000000	0.000176	-4.351778E-10
1064.000000	0.000150	-6.982445E-10
1065.000000	0.000151	-7.957052E-10
1066.000000	0.000154	-5.478786E-10
1067.000000	0.000160	-3.303252E-10
1068.000000	0.000164	-2.517988E-10
1069.000000	0.000173	-2.061801E-10
1070.000000	0.000182	-1.752786E-10
1071.000000	0.000186	-1.594056E-10
1072.000000	0.000193	-1.497797E-10
1073.000000	0.000193	-1.404060E-10
1074.000000	0.000198	-1.343113E-10
1075.000000	0.000197	-1.264746E-10
1076.000000	0.000199	-1.227146E-10
1077.000000	0.000197	-1.176640E-10
1078.000000	0.000196	-1.139451E-10
1079.000000	0.000193	-1.089589E-10
1080.000000	0.000190	-1.054631E-10
1081.000000	0.000190	-1.028235E-10
1082.000000	0.000189	-1.006824E-10
1083.000000	0.000186	-9.780812E-11
1084.000000	0.000184	-9.500421E-11
1085.000000	0.000183	-9.374311E-11
1086.000000	0.000181	-9.187778E-11
1087.000000	0.000179	-8.959596E-11
1088.000000	0.000177	-8.755457E-11
1089.000000	0.000175	-8.661601E-11
1090.000000	0.000172	-8.448665E-11
1091.000000	0.000170	-8.273873E-11
1092.000000	0.000168	-8.102584E-11
1093.000000	0.000167	-7.938920E-11
1094.000000	0.000167	-7.845663E-11
1095.000000	0.000166	-7.639771E-11
1096.000000	0.000164	-7.496645E-11
1097.000000	0.000161	-7.387536E-11
1098.000000	0.000158	-7.242633E-11
1099.000000	0.000157	-7.349989E-11
1100.000000	0.000152	-7.287231E-11
