Wavelength (nm)	EQE (%)	Current (A)	Dark Current (A) -> 	-19.102286000E-12	
400.000000	31.482020	-6.814274E-7
401.000000	34.029945	-1.019411E-6
402.000000	33.580798	-1.528298E-6
403.000000	34.325459	-2.322428E-6
404.000000	34.654723	-3.148728E-6
405.000000	34.802582	-4.224593E-6
406.000000	35.237032	-5.868042E-6
407.000000	35.146326	-6.361548E-6
408.000000	35.295481	-6.947829E-6
409.000000	35.262640	-7.759930E-6
410.000000	36.186410	-7.987122E-6
411.000000	35.998172	-1.054891E-5
412.000000	36.060229	-1.229591E-5
413.000000	36.722272	-1.625674E-5
414.000000	36.377256	-1.875509E-5
415.000000	36.488803	-1.876689E-5
416.000000	36.360166	-1.784815E-5
417.000000	36.820383	-1.617205E-5
418.000000	36.293841	-1.084456E-5
419.000000	36.748730	-8.004535E-6
420.000000	37.317912	-8.285981E-6
421.000000	37.330910	-9.036496E-6
422.000000	37.232088	-8.163946E-6
423.000000	37.545339	-8.560291E-6
424.000000	37.424731	-9.520383E-6
425.000000	37.296998	-1.024420E-5
426.000000	37.072311	-1.082284E-5
427.000000	37.707682	-1.145552E-5
428.000000	37.914096	-1.266350E-5
429.000000	38.047090	-1.417924E-5
430.000000	38.025152	-1.537705E-5
431.000000	38.022268	-1.565563E-5
432.000000	38.217287	-1.555538E-5
433.000000	38.263445	-1.583112E-5
434.000000	38.217673	-1.771598E-5
435.000000	38.400928	-1.817503E-5
436.000000	38.226695	-1.821743E-5
437.000000	38.812382	-1.994090E-5
438.000000	38.538017	-2.062093E-5
439.000000	38.739245	-2.038023E-5
440.000000	38.759175	-2.021501E-5
441.000000	39.171431	-2.242946E-5
442.000000	38.894435	-2.174485E-5
443.000000	39.041873	-2.088698E-5
444.000000	39.277647	-2.073079E-5
445.000000	39.225972	-2.058361E-5
446.000000	39.867921	-2.034379E-5
447.000000	40.166552	-2.291362E-5
448.000000	40.494540	-2.606934E-5
449.000000	39.909555	-2.394320E-5
450.000000	39.944934	-2.218395E-5
451.000000	40.759239	-2.479785E-5
452.000000	40.627220	-2.607031E-5
453.000000	40.772181	-2.423819E-5
454.000000	40.872396	-2.129293E-5
455.000000	41.299630	-2.261134E-5
456.000000	41.456603	-2.661338E-5
457.000000	41.568636	-2.951071E-5
458.000000	40.662373	-2.943312E-5
459.000000	41.808329	-2.862520E-5
460.000000	41.718291	-2.662953E-5
461.000000	41.727255	-2.501268E-5
462.000000	42.311997	-2.476394E-5
463.000000	42.429243	-2.494975E-5
464.000000	42.351457	-2.484197E-5
465.000000	42.809605	-2.537446E-5
466.000000	42.391912	-2.355150E-5
467.000000	42.045230	-1.894497E-5
468.000000	42.944090	-1.880047E-5
469.000000	43.767995	-2.481934E-5
470.000000	42.755682	-2.576428E-5
471.000000	41.998322	-1.933635E-5
472.000000	43.086157	-1.838082E-5
473.000000	43.874826	-2.574331E-5
474.000000	43.466745	-2.655343E-5
475.000000	42.671979	-2.018768E-5
476.000000	43.247025	-1.901093E-5
477.000000	43.736893	-2.270421E-5
478.000000	44.033474	-2.146810E-5
479.000000	44.234051	-2.085326E-5
480.000000	44.548406	-2.502228E-5
481.000000	43.828100	-2.434430E-5
482.000000	43.306549	-1.750836E-5
483.000000	44.560660	-1.833229E-5
484.000000	44.331948	-2.323078E-5
485.000000	43.531422	-1.930844E-5
486.000000	44.588374	-1.750156E-5
487.000000	44.468604	-2.077078E-5
488.000000	43.964411	-2.047530E-5
489.000000	43.514309	-1.717664E-5
490.000000	45.230994	-1.984714E-5
491.000000	44.332970	-2.157532E-5
492.000000	44.581051	-2.393426E-5
493.000000	44.656262	-2.552135E-5
494.000000	43.478659	-2.264227E-5
495.000000	44.619263	-2.253264E-5
496.000000	44.360948	-2.568489E-5
497.000000	44.376612	-2.755129E-5
498.000000	44.390697	-2.532533E-5
499.000000	44.073466	-2.430238E-5
500.000000	44.948838	-2.755784E-5
501.000000	44.648152	-3.283818E-5
502.000000	43.862138	-3.091736E-5
503.000000	43.560063	-2.843963E-5
504.000000	43.819895	-3.456186E-5
505.000000	44.079990	-3.861743E-5
506.000000	43.588538	-3.540509E-5
507.000000	43.648083	-2.845393E-5
508.000000	45.116982	-2.877266E-5
509.000000	44.152110	-2.884357E-5
510.000000	43.679847	-2.496100E-5
511.000000	43.605239	-2.213223E-5
512.000000	44.959881	-2.542543E-5
513.000000	44.816824	-2.894029E-5
514.000000	44.076687	-3.519241E-5
515.000000	45.541151	-4.161073E-5
516.000000	45.512711	-5.296619E-5
517.000000	45.372219	-6.334310E-5
518.000000	45.008244	-5.421216E-5
519.000000	45.220793	-4.435432E-5
520.000000	45.028563	-4.189954E-5
521.000000	44.470035	-3.178785E-5
522.000000	44.133255	-2.489095E-5
523.000000	44.935222	-2.316454E-5
524.000000	46.265427	-3.129185E-5
525.000000	46.325595	-4.387672E-5
526.000000	45.982686	-4.854165E-5
527.000000	46.400183	-5.297647E-5
528.000000	46.340775	-6.008188E-5
529.000000	46.332012	-5.752471E-5
530.000000	46.007905	-4.309594E-5
531.000000	45.077993	-3.174689E-5
532.000000	45.950886	-2.571948E-5
533.000000	46.508268	-2.749599E-5
534.000000	46.548189	-2.986958E-5
535.000000	48.057573	-3.868910E-5
536.000000	48.238756	-5.610377E-5
537.000000	47.454932	-5.563660E-5
538.000000	47.292264	-4.152833E-5
539.000000	48.065668	-4.151663E-5
540.000000	47.427588	-3.399015E-5
541.000000	47.407175	-2.959584E-5
542.000000	48.481666	-3.151219E-5
543.000000	48.923951	-3.718968E-5
544.000000	48.892894	-5.091524E-5
545.000000	48.873164	-5.505846E-5
546.000000	48.904344	-4.924829E-5
547.000000	49.790159	-5.002791E-5
548.000000	49.160056	-3.979314E-5
549.000000	49.304771	-2.907350E-5
550.000000	49.694562	-2.897778E-5
551.000000	50.480113	-3.248539E-5
552.000000	51.344836	-4.408408E-5
553.000000	50.809694	-5.404804E-5
554.000000	50.591050	-5.579239E-5
555.000000	50.716222	-5.673378E-5
556.000000	49.961731	-4.916255E-5
557.000000	50.055559	-3.863310E-5
558.000000	51.368375	-3.740026E-5
559.000000	51.573031	-4.148952E-5
560.000000	52.998649	-5.112660E-5
561.000000	51.474506	-5.939789E-5
562.000000	52.081324	-5.414458E-5
563.000000	52.213391	-5.358408E-5
564.000000	52.102519	-4.557932E-5
565.000000	51.517135	-3.497896E-5
566.000000	52.310258	-3.526360E-5
567.000000	53.214046	-3.818066E-5
568.000000	53.981422	-4.667901E-5
569.000000	52.937030	-5.296495E-5
570.000000	53.038731	-5.023199E-5
571.000000	53.495810	-4.727362E-5
572.000000	53.390956	-4.276272E-5
573.000000	53.198065	-3.475078E-5
574.000000	54.159721	-3.573403E-5
575.000000	54.392483	-4.184013E-5
576.000000	55.105322	-5.438395E-5
577.000000	54.437465	-5.995857E-5
578.000000	54.299403	-6.290794E-5
579.000000	54.293046	-5.857920E-5
580.000000	54.442412	-4.814473E-5
581.000000	54.776962	-4.351900E-5
582.000000	54.776660	-4.140603E-5
583.000000	55.508101	-4.649904E-5
584.000000	55.763234	-5.606642E-5
585.000000	55.206049	-5.904404E-5
586.000000	55.386994	-5.668195E-5
587.000000	55.507968	-5.360161E-5
588.000000	55.551202	-4.498629E-5
589.000000	55.318203	-4.279251E-5
590.000000	55.444231	-4.447489E-5
591.000000	56.201616	-6.465743E-5
592.000000	56.338690	-6.533732E-5
593.000000	57.033520	-6.586524E-5
594.000000	57.061569	-6.311185E-5
595.000000	57.262763	-6.182257E-5
596.000000	57.918946	-6.313233E-5
597.000000	57.251787	-6.445985E-5
598.000000	56.631976	-6.959119E-5
599.000000	57.062618	-7.483932E-5
600.000000	56.774098	-7.756449E-5
601.000000	57.214041	-8.105126E-5
602.000000	56.952002	-8.011668E-5
603.000000	57.079139	-7.840650E-5
604.000000	57.288918	-7.390748E-5
605.000000	57.873608	-7.115849E-5
606.000000	57.878321	-7.195632E-5
607.000000	57.997880	-7.314678E-5
608.000000	57.552302	-7.943650E-5
609.000000	57.955768	-8.639430E-5
610.000000	58.400622	-9.121151E-5
611.000000	58.389339	-9.419046E-5
612.000000	58.518440	-9.303702E-5
613.000000	58.621421	-8.939718E-5
614.000000	58.637077	-8.332537E-5
615.000000	58.822919	-7.913306E-5
616.000000	59.062879	-7.969813E-5
617.000000	59.072838	-8.380813E-5
618.000000	59.417489	-9.229904E-5
619.000000	59.696688	-9.882247E-5
620.000000	59.864479	-0.000102
621.000000	60.606526	-0.000106
622.000000	60.339844	-0.000107
623.000000	60.523779	-0.000110
624.000000	60.588132	-0.000113
625.000000	58.953917	-0.000117
626.000000	60.075320	-0.000112
627.000000	58.196491	-0.000109
628.000000	57.959568	-0.000108
629.000000	58.712860	-0.000109
630.000000	58.890963	-0.000111
631.000000	58.807139	-0.000116
632.000000	58.780474	-0.000121
633.000000	59.008763	-0.000126
634.000000	59.245141	-0.000129
635.000000	59.075588	-0.000129
636.000000	59.282264	-0.000127
637.000000	59.193637	-0.000127
638.000000	59.101657	-0.000127
639.000000	59.360123	-0.000128
640.000000	59.167529	-0.000126
641.000000	59.332172	-0.000124
642.000000	59.108749	-0.000123
643.000000	59.052587	-0.000124
644.000000	59.196154	-0.000130
645.000000	59.182545	-0.000136
646.000000	59.131929	-0.000141
647.000000	59.160705	-0.000141
648.000000	58.942716	-0.000134
649.000000	59.116184	-0.000130
650.000000	59.098500	-0.000126
651.000000	58.713327	-0.000128
652.000000	58.902146	-0.000136
653.000000	58.840270	-0.000140
654.000000	58.632808	-0.000143
655.000000	58.579350	-0.000138
656.000000	58.690763	-0.000132
657.000000	58.506030	-0.000129
658.000000	58.463485	-0.000126
659.000000	58.547629	-0.000133
660.000000	58.491396	-0.000145
661.000000	58.643827	-0.000151
662.000000	58.414512	-0.000153
663.000000	58.884924	-0.000145
664.000000	58.473795	-0.000130
665.000000	58.266684	-0.000123
666.000000	58.185211	-0.000127
667.000000	58.413341	-0.000137
668.000000	58.437556	-0.000148
669.000000	58.189980	-0.000155
670.000000	58.050563	-0.000151
671.000000	58.200983	-0.000139
672.000000	57.817027	-0.000134
673.000000	57.982917	-0.000132
674.000000	57.721460	-0.000132
675.000000	57.819571	-0.000145
676.000000	58.065022	-0.000151
677.000000	58.194029	-0.000150
678.000000	58.299206	-0.000150
679.000000	57.928410	-0.000138
680.000000	58.058895	-0.000131
681.000000	58.408717	-0.000138
682.000000	58.428649	-0.000148
683.000000	58.469929	-0.000153
684.000000	58.407854	-0.000156
685.000000	58.707201	-0.000153
686.000000	58.240662	-0.000137
687.000000	58.709235	-0.000134
688.000000	59.265048	-0.000145
689.000000	58.798245	-0.000149
690.000000	59.043187	-0.000158
691.000000	59.209731	-0.000161
692.000000	58.818500	-0.000152
693.000000	59.456863	-0.000143
694.000000	59.369485	-0.000136
695.000000	58.846415	-0.000135
696.000000	58.960223	-0.000142
697.000000	59.321879	-0.000155
698.000000	59.246347	-0.000161
699.000000	59.103230	-0.000156
700.000000	59.867462	-0.000151
701.000000	58.849302	-0.000146
702.000000	59.352068	-0.000139
703.000000	58.971158	-0.000143
704.000000	59.020836	-0.000158
705.000000	59.175042	-0.000161
706.000000	59.062789	-0.000154
707.000000	59.141551	-0.000154
708.000000	59.449875	-0.000150
709.000000	58.908470	-0.000135
710.000000	58.340421	-0.000137
711.000000	58.195459	-0.000160
712.000000	58.227032	-0.000170
713.000000	57.714589	-0.000158
714.000000	57.962119	-0.000146
715.000000	57.943159	-0.000134
716.000000	57.916321	-0.000135
717.000000	57.870749	-0.000140
718.000000	57.151645	-0.000146
719.000000	55.897306	-0.000151
720.000000	55.609894	-0.000150
721.000000	56.199282	-0.000150
722.000000	55.209233	-0.000140
723.000000	54.760892	-0.000131
724.000000	54.571222	-0.000131
725.000000	54.056650	-0.000137
726.000000	53.638415	-0.000141
727.000000	52.893499	-0.000143
728.000000	53.118106	-0.000140
729.000000	51.833307	-0.000131
730.000000	51.363096	-0.000124
731.000000	51.233459	-0.000121
732.000000	50.176419	-0.000121
733.000000	49.436704	-0.000125
734.000000	48.747279	-0.000130
735.000000	48.090975	-0.000126
736.000000	47.471183	-0.000121
737.000000	46.555898	-0.000117
738.000000	45.575706	-0.000110
739.000000	44.920170	-0.000108
740.000000	44.064764	-0.000108
741.000000	43.225656	-0.000109
742.000000	42.310474	-0.000109
743.000000	41.599570	-0.000105
744.000000	40.615830	-9.762725E-5
745.000000	39.551942	-9.247071E-5
746.000000	38.379283	-8.787352E-5
747.000000	37.426057	-8.602433E-5
748.000000	36.387111	-8.653567E-5
749.000000	35.378733	-8.462937E-5
750.000000	34.350639	-8.201105E-5
751.000000	33.096330	-7.732127E-5
752.000000	32.080681	-7.126362E-5
753.000000	30.946944	-6.692314E-5
754.000000	29.839989	-6.329987E-5
755.000000	28.599854	-6.145719E-5
756.000000	27.557877	-6.044346E-5
757.000000	26.568779	-5.816986E-5
758.000000	25.336095	-5.461539E-5
759.000000	24.347712	-5.142102E-5
760.000000	23.424523	-4.752056E-5
761.000000	22.176117	-4.354042E-5
762.000000	21.083085	-4.130199E-5
763.000000	20.035772	-3.981493E-5
764.000000	19.088649	-3.856870E-5
765.000000	18.269132	-3.681971E-5
766.000000	17.266971	-3.404503E-5
767.000000	16.467742	-3.169707E-5
768.000000	15.548029	-2.903106E-5
769.000000	14.694708	-2.695497E-5
770.000000	13.857659	-2.556434E-5
771.000000	13.121091	-2.455941E-5
772.000000	12.385431	-2.343918E-5
773.000000	11.665852	-2.189897E-5
774.000000	11.056435	-2.019331E-5
775.000000	10.412918	-1.828421E-5
776.000000	9.807782	-1.669963E-5
777.000000	9.227654	-1.576496E-5
778.000000	8.704763	-1.530471E-5
779.000000	8.189216	-1.480737E-5
780.000000	7.738911	-1.412427E-5
781.000000	7.308167	-1.300260E-5
782.000000	6.889216	-1.178770E-5
783.000000	6.513597	-1.077430E-5
784.000000	6.110782	-1.005003E-5
785.000000	5.738588	-9.707422E-6
786.000000	5.454135	-9.361438E-6
787.000000	5.144748	-8.896340E-6
788.000000	4.879743	-8.322714E-6
789.000000	4.634325	-7.575512E-6
790.000000	4.376706	-6.925798E-6
791.000000	4.148091	-6.447019E-6
792.000000	3.922142	-6.216840E-6
793.000000	3.699797	-6.081403E-6
794.000000	3.497751	-5.995740E-6
795.000000	3.349949	-5.799499E-6
796.000000	3.185802	-5.286376E-6
797.000000	3.020057	-4.836842E-6
798.000000	2.872213	-4.561635E-6
799.000000	2.723284	-4.389899E-6
800.000000	2.587398	-4.345336E-6
801.000000	2.468014	-4.337815E-6
802.000000	2.361491	-4.200587E-6
803.000000	2.257356	-3.901974E-6
804.000000	2.157151	-3.538916E-6
805.000000	2.058490	-3.257902E-6
806.000000	1.968327	-3.097846E-6
807.000000	1.878697	-3.045877E-6
808.000000	1.802538	-3.078960E-6
809.000000	1.732323	-3.010912E-6
810.000000	1.664847	-2.813418E-6
811.000000	1.591517	-2.608148E-6
812.000000	1.530710	-2.371406E-6
813.000000	1.462876	-2.199536E-6
814.000000	1.400292	-2.166634E-6
815.000000	1.339118	-2.158503E-6
816.000000	1.288106	-2.174352E-6
817.000000	1.242512	-2.097924E-6
818.000000	1.194026	-1.901600E-6
819.000000	1.150146	-1.732612E-6
820.000000	1.106040	-1.616089E-6
821.000000	1.063553	-1.565964E-6
822.000000	1.019811	-1.584786E-6
823.000000	0.978260	-1.607467E-6
824.000000	0.946900	-1.577191E-6
825.000000	0.911826	-1.486142E-6
826.000000	0.879657	-1.362933E-6
827.000000	0.847341	-1.272234E-6
828.000000	0.816657	-1.238061E-6
829.000000	0.786488	-1.215452E-6
830.000000	0.755562	-1.214789E-6
831.000000	0.727238	-1.202850E-6
832.000000	0.701477	-1.146578E-6
833.000000	0.678169	-1.066685E-6
834.000000	0.654564	-9.801007E-7
835.000000	0.629437	-9.126438E-7
836.000000	0.605364	-8.925080E-7
837.000000	0.585070	-8.923789E-7
838.000000	0.562393	-8.790822E-7
839.000000	0.542590	-8.555332E-7
840.000000	0.524850	-8.149526E-7
841.000000	0.506902	-7.529183E-7
842.000000	0.486538	-7.048078E-7
843.000000	0.468973	-6.889050E-7
844.000000	0.453029	-6.799599E-7
845.000000	0.436331	-6.684364E-7
846.000000	0.421483	-6.493638E-7
847.000000	0.408511	-6.194147E-7
848.000000	0.395179	-5.748138E-7
849.000000	0.379717	-5.292468E-7
850.000000	0.365864	-5.103575E-7
851.000000	0.353881	-5.010431E-7
852.000000	0.340323	-4.867426E-7
853.000000	0.328190	-4.762529E-7
854.000000	0.317421	-4.531388E-7
855.000000	0.305952	-4.209544E-7
856.000000	0.295626	-3.940890E-7
857.000000	0.286196	-3.724699E-7
858.000000	0.274800	-3.601133E-7
859.000000	0.263862	-3.525914E-7
860.000000	0.255259	-3.380236E-7
861.000000	0.246950	-3.169788E-7
862.000000	0.238221	-2.923978E-7
863.000000	0.230023	-2.694185E-7
864.000000	0.221385	-2.545628E-7
865.000000	0.214064	-2.445986E-7
866.000000	0.206158	-2.321017E-7
867.000000	0.197097	-2.232554E-7
868.000000	0.191285	-2.115428E-7
869.000000	0.184207	-1.938473E-7
870.000000	0.178824	-1.824219E-7
871.000000	0.171603	-1.714797E-7
872.000000	0.165409	-1.629985E-7
873.000000	0.159668	-1.581502E-7
874.000000	0.154022	-1.510437E-7
875.000000	0.148231	-1.419437E-7
876.000000	0.142675	-1.323825E-7
877.000000	0.137591	-1.233303E-7
878.000000	0.132852	-1.172882E-7
879.000000	0.127664	-1.112778E-7
880.000000	0.122899	-1.059338E-7
881.000000	0.118502	-1.019921E-7
882.000000	0.113907	-9.651806E-8
883.000000	0.109805	-9.159912E-8
884.000000	0.105407	-8.683727E-8
885.000000	0.101884	-8.173024E-8
886.000000	0.098217	-7.714429E-8
887.000000	0.094176	-7.412475E-8
888.000000	0.091058	-7.162266E-8
889.000000	0.087238	-6.826742E-8
890.000000	0.084662	-6.545229E-8
891.000000	0.081854	-6.231342E-8
892.000000	0.078681	-5.890416E-8
893.000000	0.075477	-5.628169E-8
894.000000	0.072795	-5.519116E-8
895.000000	0.070134	-5.300903E-8
896.000000	0.067634	-5.048171E-8
897.000000	0.064895	-4.850703E-8
898.000000	0.062535	-4.631852E-8
899.000000	0.059999	-4.431283E-8
900.000000	0.057958	-4.271035E-8
901.000000	0.055499	-4.073135E-8
902.000000	0.053495	-3.949850E-8
903.000000	0.051626	-3.779044E-8
904.000000	0.049728	-3.619101E-8
905.000000	0.047646	-3.509484E-8
906.000000	0.046094	-3.369827E-8
907.000000	0.044089	-3.215976E-8
908.000000	0.042244	-3.089617E-8
909.000000	0.040750	-2.956355E-8
910.000000	0.039310	-2.867321E-8
911.000000	0.037720	-2.746075E-8
912.000000	0.035963	-2.624617E-8
913.000000	0.034863	-2.569425E-8
914.000000	0.033503	-2.453588E-8
915.000000	0.031872	-2.330785E-8
916.000000	0.030977	-2.242039E-8
917.000000	0.029815	-2.131334E-8
918.000000	0.028501	-2.067373E-8
919.000000	0.027401	-1.990528E-8
920.000000	0.026331	-1.883671E-8
921.000000	0.025315	-1.823558E-8
922.000000	0.024398	-1.746258E-8
923.000000	0.023477	-1.663157E-8
924.000000	0.022546	-1.602447E-8
925.000000	0.021663	-1.527503E-8
926.000000	0.020839	-1.480095E-8
927.000000	0.020008	-1.425818E-8
928.000000	0.019225	-1.358800E-8
929.000000	0.018367	-1.301268E-8
930.000000	0.017717	-1.224649E-8
931.000000	0.017029	-1.157020E-8
932.000000	0.016395	-1.113304E-8
933.000000	0.015773	-1.056375E-8
934.000000	0.015153	-1.018793E-8
935.000000	0.014588	-9.779922E-9
936.000000	0.013942	-9.235258E-9
937.000000	0.013417	-8.930901E-9
938.000000	0.012961	-8.490847E-9
939.000000	0.012435	-8.050741E-9
940.000000	0.011968	-7.843632E-9
941.000000	0.011496	-7.495857E-9
942.000000	0.011043	-7.217591E-9
943.000000	0.010607	-6.915432E-9
944.000000	0.010195	-6.484921E-9
945.000000	0.009805	-6.161482E-9
946.000000	0.009432	-5.843710E-9
947.000000	0.009051	-5.532584E-9
948.000000	0.008709	-5.370961E-9
949.000000	0.008404	-5.143489E-9
950.000000	0.008060	-4.913315E-9
951.000000	0.007761	-4.711289E-9
952.000000	0.007459	-4.447338E-9
953.000000	0.007147	-4.271028E-9
954.000000	0.006900	-4.119109E-9
955.000000	0.006630	-3.915809E-9
956.000000	0.006375	-3.787392E-9
957.000000	0.006142	-3.615253E-9
958.000000	0.005907	-3.417475E-9
959.000000	0.005695	-3.254026E-9
960.000000	0.005487	-3.054964E-9
961.000000	0.005255	-2.904884E-9
962.000000	0.005082	-2.800543E-9
963.000000	0.004886	-2.681090E-9
964.000000	0.004690	-2.594921E-9
965.000000	0.004534	-2.476611E-9
966.000000	0.004357	-2.347577E-9
967.000000	0.004211	-2.265674E-9
968.000000	0.004055	-2.157524E-9
969.000000	0.003892	-2.069725E-9
970.000000	0.003759	-1.994119E-9
971.000000	0.003633	-1.893621E-9
972.000000	0.003497	-1.801232E-9
973.000000	0.003387	-1.712509E-9
974.000000	0.003261	-1.612597E-9
975.000000	0.003143	-1.537111E-9
976.000000	0.003037	-1.468233E-9
977.000000	0.002927	-1.413264E-9
978.000000	0.002822	-1.368689E-9
979.000000	0.002730	-1.315004E-9
980.000000	0.002635	-1.265044E-9
981.000000	0.002545	-1.212035E-9
982.000000	0.002460	-1.165818E-9
983.000000	0.002374	-1.133351E-9
984.000000	0.002298	-1.089573E-9
985.000000	0.002215	-1.040565E-9
986.000000	0.002152	-9.987285E-10
987.000000	0.002084	-9.466928E-10
988.000000	0.002023	-9.036198E-10
989.000000	0.001964	-8.670579E-10
990.000000	0.001904	-8.312048E-10
991.000000	0.001831	-8.020112E-10
992.000000	0.001772	-7.806304E-10
993.000000	0.001711	-7.595833E-10
994.000000	0.001655	-7.450539E-10
995.000000	0.001605	-7.231087E-10
996.000000	0.001553	-7.013358E-10
997.000000	0.001502	-6.773734E-10
998.000000	0.001458	-6.566317E-10
999.000000	0.001410	-6.371216E-10
1000.000000	0.001367	-6.138807E-10
1001.000000	0.001326	-5.919545E-10
1002.000000	0.001291	-5.736878E-10
1003.000000	0.001253	-5.512923E-10
1004.000000	0.001219	-5.312489E-10
1005.000000	0.001183	-5.160680E-10
1006.000000	0.001150	-5.045004E-10
1007.000000	0.001113	-4.947574E-10
1008.000000	0.001076	-4.819932E-10
1009.000000	0.001046	-4.679269E-10
1010.000000	0.001013	-4.560073E-10
1011.000000	0.000987	-4.421931E-10
1012.000000	0.000958	-4.313822E-10
1013.000000	0.000927	-4.248713E-10
1014.000000	0.000898	-4.133212E-10
1015.000000	0.000873	-4.010440E-10
1016.000000	0.000846	-3.909429E-10
1017.000000	0.000823	-3.847897E-10
1018.000000	0.000795	-3.805899E-10
1019.000000	0.000762	-3.781028E-10
1020.000000	0.000737	-3.782259E-10
1021.000000	0.000705	-3.712808E-10
1022.000000	0.000684	-3.598480E-10
1023.000000	0.000664	-3.506095E-10
1024.000000	0.000638	-3.454826E-10
1025.000000	0.000610	-3.432359E-10
1026.000000	0.000589	-3.472717E-10
1027.000000	0.000563	-3.488320E-10
1028.000000	0.000542	-3.538005E-10
1029.000000	0.000519	-3.568389E-10
1030.000000	0.000499	-3.570969E-10
1031.000000	0.000486	-3.559762E-10
1032.000000	0.000473	-3.523863E-10
1033.000000	0.000461	-3.414293E-10
1034.000000	0.000457	-3.270401E-10
1035.000000	0.000454	-3.087271E-10
1036.000000	0.000449	-2.864838E-10
1037.000000	0.000444	-2.668386E-10
1038.000000	0.000435	-2.513587E-10
1039.000000	0.000432	-2.412110E-10
1040.000000	0.000422	-2.313210E-10
1041.000000	0.000412	-2.239067E-10
1042.000000	0.000402	-2.164393E-10
1043.000000	0.000395	-2.111895E-10
1044.000000	0.000385	-2.058046E-10
1045.000000	0.000377	-2.028776E-10
1046.000000	0.000363	-1.990237E-10
1047.000000	0.000348	-1.965481E-10
1048.000000	0.000336	-1.964720E-10
1049.000000	0.000325	-1.959322E-10
1050.000000	0.000312	-1.932106E-10
1051.000000	0.000302	-1.913862E-10
1052.000000	0.000291	-1.891515E-10
1053.000000	0.000280	-1.898143E-10
1054.000000	0.000270	-1.892158E-10
1055.000000	0.000258	-1.882833E-10
1056.000000	0.000246	-1.907997E-10
1057.000000	0.000233	-1.915858E-10
1058.000000	0.000225	-1.952167E-10
1059.000000	0.000213	-2.015342E-10
1060.000000	0.000199	-2.143336E-10
1061.000000	0.000185	-2.347232E-10
1062.000000	0.000171	-2.687630E-10
1063.000000	0.000154	-3.800736E-10
1064.000000	0.000134	-6.211727E-10
1065.000000	0.000132	-6.958625E-10
1066.000000	0.000133	-4.737569E-10
1067.000000	0.000138	-2.857385E-10
1068.000000	0.000143	-2.207449E-10
1069.000000	0.000152	-1.810741E-10
1070.000000	0.000162	-1.560680E-10
1071.000000	0.000164	-1.405350E-10
1072.000000	0.000170	-1.321997E-10
1073.000000	0.000170	-1.239053E-10
1074.000000	0.000175	-1.186671E-10
1075.000000	0.000173	-1.110415E-10
1076.000000	0.000177	-1.090765E-10
1077.000000	0.000175	-1.046126E-10
1078.000000	0.000173	-1.007293E-10
1079.000000	0.000173	-9.765559E-11
1080.000000	0.000170	-9.475204E-11
1081.000000	0.000170	-9.210065E-11
1082.000000	0.000167	-8.866910E-11
1083.000000	0.000166	-8.717320E-11
1084.000000	0.000164	-8.475073E-11
1085.000000	0.000162	-8.294401E-11
1086.000000	0.000160	-8.124285E-11
1087.000000	0.000160	-8.000520E-11
1088.000000	0.000159	-7.843907E-11
1089.000000	0.000155	-7.650920E-11
1090.000000	0.000154	-7.572316E-11
1091.000000	0.000152	-7.402202E-11
1092.000000	0.000152	-7.315974E-11
1093.000000	0.000149	-7.082512E-11
1094.000000	0.000150	-7.020338E-11
1095.000000	0.000148	-6.801540E-11
1096.000000	0.000147	-6.707097E-11
1097.000000	0.000143	-6.589186E-11
1098.000000	0.000142	-6.509414E-11
1099.000000	0.000137	-6.417912E-11
1100.000000	0.000136	-6.531120E-11
