Wavelength (nm)	EQE (%)	Current (A)	Dark Current (A) -> 	-66.287338000E-12	
400.000000	54.240314	-1.174030E-6
401.000000	57.540731	-1.723707E-6
402.000000	57.294173	-2.607519E-6
403.000000	58.220561	-3.939148E-6
404.000000	58.353063	-5.301959E-6
405.000000	57.920420	-7.030806E-6
406.000000	58.331960	-9.714053E-6
407.000000	58.176717	-1.053009E-5
408.000000	58.469511	-1.150958E-5
409.000000	58.040602	-1.277247E-5
410.000000	58.908374	-1.300235E-5
411.000000	59.819241	-1.752944E-5
412.000000	58.751271	-2.003316E-5
413.000000	59.014337	-2.612531E-5
414.000000	58.862210	-3.034770E-5
415.000000	58.938638	-3.031327E-5
416.000000	58.356272	-2.864540E-5
417.000000	58.249383	-2.558398E-5
418.000000	57.608645	-1.721340E-5
419.000000	58.599610	-1.276405E-5
420.000000	59.833684	-1.328533E-5
421.000000	59.189048	-1.432758E-5
422.000000	58.342028	-1.279276E-5
423.000000	59.486726	-1.356290E-5
424.000000	59.195169	-1.505851E-5
425.000000	58.611248	-1.609849E-5
426.000000	58.422414	-1.705576E-5
427.000000	59.539356	-1.808794E-5
428.000000	59.845471	-1.998869E-5
429.000000	59.586707	-2.220654E-5
430.000000	58.493088	-2.365411E-5
431.000000	59.188441	-2.437078E-5
432.000000	59.052190	-2.403570E-5
433.000000	59.354780	-2.455745E-5
434.000000	58.837831	-2.727455E-5
435.000000	58.651314	-2.775947E-5
436.000000	58.404320	-2.783334E-5
437.000000	59.112872	-3.037082E-5
438.000000	58.234877	-3.116033E-5
439.000000	57.742397	-3.037755E-5
440.000000	58.047008	-3.027466E-5
441.000000	58.384022	-3.343054E-5
442.000000	58.196868	-3.253633E-5
443.000000	58.361497	-3.122277E-5
444.000000	57.960741	-3.059175E-5
445.000000	58.268766	-3.057621E-5
446.000000	58.286095	-2.974221E-5
447.000000	58.971889	-3.364141E-5
448.000000	58.673103	-3.777223E-5
449.000000	58.773283	-3.526024E-5
450.000000	58.286441	-3.237015E-5
451.000000	59.550368	-3.623034E-5
452.000000	58.537611	-3.756333E-5
453.000000	58.541399	-3.480161E-5
454.000000	59.222113	-3.085242E-5
455.000000	59.033144	-3.232035E-5
456.000000	59.584468	-3.825070E-5
457.000000	59.472469	-4.222113E-5
458.000000	59.499158	-4.306797E-5
459.000000	59.091166	-4.045836E-5
460.000000	59.045583	-3.768985E-5
461.000000	59.213222	-3.549434E-5
462.000000	58.760476	-3.439074E-5
463.000000	58.980487	-3.468241E-5
464.000000	58.817383	-3.450034E-5
465.000000	59.346359	-3.517626E-5
466.000000	58.154058	-3.230841E-5
467.000000	58.647940	-2.642591E-5
468.000000	60.065699	-2.629613E-5
469.000000	60.514970	-3.431598E-5
470.000000	58.911940	-3.549993E-5
471.000000	58.411493	-2.689310E-5
472.000000	60.109001	-2.564287E-5
473.000000	60.804275	-3.567657E-5
474.000000	59.253693	-3.619753E-5
475.000000	59.231477	-2.802181E-5
476.000000	59.947476	-2.635227E-5
477.000000	60.320889	-3.131311E-5
478.000000	58.995761	-2.876282E-5
479.000000	60.337670	-2.844499E-5
480.000000	61.181250	-3.436474E-5
481.000000	60.140957	-3.340527E-5
482.000000	59.518962	-2.406286E-5
483.000000	61.605450	-2.534453E-5
484.000000	61.365990	-3.215694E-5
485.000000	59.709060	-2.648406E-5
486.000000	61.546395	-2.415782E-5
487.000000	61.400422	-2.867944E-5
488.000000	60.240001	-2.805524E-5
489.000000	61.521635	-2.428477E-5
490.000000	62.198320	-2.729232E-5
491.000000	61.359023	-2.986131E-5
492.000000	61.329386	-3.292595E-5
493.000000	61.146867	-3.494584E-5
494.000000	59.094171	-3.077432E-5
495.000000	60.533622	-3.056936E-5
496.000000	60.851184	-3.523270E-5
497.000000	60.681121	-3.767397E-5
498.000000	60.117648	-3.429771E-5
499.000000	61.645233	-3.399156E-5
500.000000	61.912418	-3.795810E-5
501.000000	61.910364	-4.553433E-5
502.000000	60.579409	-4.270096E-5
503.000000	60.693497	-3.962576E-5
504.000000	58.984427	-4.652251E-5
505.000000	60.366222	-5.288541E-5
506.000000	59.440838	-4.828123E-5
507.000000	59.640986	-3.887961E-5
508.000000	60.822920	-3.878888E-5
509.000000	60.625911	-3.960553E-5
510.000000	60.235490	-3.442178E-5
511.000000	60.847255	-3.088357E-5
512.000000	61.629609	-3.485239E-5
513.000000	62.088023	-4.009310E-5
514.000000	60.594969	-4.838120E-5
515.000000	62.657603	-5.724995E-5
516.000000	62.568083	-7.281467E-5
517.000000	61.394354	-8.571123E-5
518.000000	61.022446	-7.350117E-5
519.000000	60.841225	-5.967545E-5
520.000000	60.858770	-5.662971E-5
521.000000	60.544304	-4.327798E-5
522.000000	59.667763	-3.365234E-5
523.000000	62.039150	-3.198178E-5
524.000000	63.662889	-4.305871E-5
525.000000	63.218470	-5.987660E-5
526.000000	61.865830	-6.530870E-5
527.000000	62.944834	-7.186599E-5
528.000000	62.335856	-8.081987E-5
529.000000	62.031897	-7.701731E-5
530.000000	61.534730	-5.764003E-5
531.000000	60.731884	-4.277139E-5
532.000000	61.582096	-3.446853E-5
533.000000	62.143533	-3.673966E-5
534.000000	62.412010	-4.004926E-5
535.000000	64.446283	-5.188295E-5
536.000000	63.569232	-7.393378E-5
537.000000	62.114719	-7.282387E-5
538.000000	61.645878	-5.413254E-5
539.000000	62.504727	-5.398834E-5
540.000000	61.536026	-4.410131E-5
541.000000	62.409859	-3.896187E-5
542.000000	62.987661	-4.094082E-5
543.000000	63.494560	-4.826557E-5
544.000000	63.028313	-6.563534E-5
545.000000	63.017609	-7.099300E-5
546.000000	62.530342	-6.297012E-5
547.000000	63.344735	-6.364721E-5
548.000000	63.053649	-5.103946E-5
549.000000	62.491845	-3.684951E-5
550.000000	63.259644	-3.688782E-5
551.000000	64.363150	-4.141952E-5
552.000000	64.815354	-5.564971E-5
553.000000	63.346719	-6.738411E-5
554.000000	63.114669	-6.960358E-5
555.000000	62.819044	-7.027262E-5
556.000000	61.782617	-6.079435E-5
557.000000	61.730551	-4.764391E-5
558.000000	63.248273	-4.604977E-5
559.000000	63.617232	-5.117885E-5
560.000000	64.670043	-6.238573E-5
561.000000	62.607745	-7.224485E-5
562.000000	62.881773	-6.537290E-5
563.000000	62.603085	-6.424652E-5
564.000000	62.200305	-5.441287E-5
565.000000	62.296172	-4.229768E-5
566.000000	63.280777	-4.265909E-5
567.000000	63.518173	-4.557379E-5
568.000000	63.278080	-5.471805E-5
569.000000	62.581133	-6.261414E-5
570.000000	61.848239	-5.857531E-5
571.000000	61.668420	-5.449566E-5
572.000000	61.207863	-4.902356E-5
573.000000	61.701712	-4.030565E-5
574.000000	63.309711	-4.177110E-5
575.000000	63.117250	-4.855145E-5
576.000000	62.659381	-6.183912E-5
577.000000	62.253523	-6.856734E-5
578.000000	61.679668	-7.145826E-5
579.000000	61.278084	-6.611567E-5
580.000000	61.252472	-5.416703E-5
581.000000	61.472315	-4.883830E-5
582.000000	61.584950	-4.655246E-5
583.000000	62.518227	-5.237141E-5
584.000000	61.792911	-6.212888E-5
585.000000	61.410208	-6.567952E-5
586.000000	61.431649	-6.286793E-5
587.000000	60.949636	-5.885639E-5
588.000000	61.323434	-4.966074E-5
589.000000	60.995813	-4.718454E-5
590.000000	60.993642	-4.892638E-5
591.000000	61.567154	-7.083024E-5
592.000000	61.717022	-7.157470E-5
593.000000	61.780079	-7.134681E-5
594.000000	61.512024	-6.803419E-5
595.000000	61.431202	-6.632294E-5
596.000000	61.388056	-6.691370E-5
597.000000	61.495854	-6.923825E-5
598.000000	60.941548	-7.488693E-5
599.000000	60.872742	-7.983641E-5
600.000000	60.961495	-8.328529E-5
601.000000	60.050818	-8.506993E-5
602.000000	59.655010	-8.391911E-5
603.000000	59.576930	-8.183758E-5
604.000000	59.689747	-7.700475E-5
605.000000	60.022378	-7.380051E-5
606.000000	59.977837	-7.456651E-5
607.000000	60.129870	-7.583564E-5
608.000000	59.916390	-8.269953E-5
609.000000	60.097757	-8.958735E-5
610.000000	60.257610	-9.411180E-5
611.000000	59.790186	-9.645023E-5
612.000000	59.716258	-9.494140E-5
613.000000	59.549537	-9.081255E-5
614.000000	59.719267	-8.486320E-5
615.000000	59.581002	-8.015289E-5
616.000000	59.828173	-8.073080E-5
617.000000	59.932828	-8.502822E-5
618.000000	59.834941	-9.294751E-5
619.000000	59.841383	-9.906200E-5
620.000000	59.960781	-0.000102
621.000000	60.257745	-0.000105
622.000000	60.256679	-0.000107
623.000000	60.317922	-0.000110
624.000000	60.387114	-0.000113
625.000000	59.273696	-0.000117
626.000000	59.311090	-0.000111
627.000000	58.008021	-0.000109
628.000000	57.665542	-0.000108
629.000000	58.773053	-0.000109
630.000000	58.793275	-0.000111
631.000000	58.813581	-0.000116
632.000000	58.911745	-0.000121
633.000000	58.945039	-0.000126
634.000000	59.128699	-0.000129
635.000000	58.893026	-0.000128
636.000000	59.147730	-0.000127
637.000000	58.693757	-0.000126
638.000000	58.723291	-0.000126
639.000000	58.828047	-0.000127
640.000000	58.927948	-0.000125
641.000000	58.773971	-0.000122
642.000000	59.158605	-0.000123
643.000000	58.962479	-0.000124
644.000000	58.805292	-0.000129
645.000000	58.716680	-0.000135
646.000000	58.706901	-0.000139
647.000000	58.671313	-0.000139
648.000000	58.444894	-0.000133
649.000000	58.667843	-0.000129
650.000000	58.700593	-0.000125
651.000000	58.654841	-0.000128
652.000000	58.513626	-0.000135
653.000000	58.680282	-0.000140
654.000000	58.722381	-0.000143
655.000000	58.599380	-0.000138
656.000000	58.387356	-0.000131
657.000000	58.336835	-0.000129
658.000000	58.611993	-0.000127
659.000000	58.616535	-0.000133
660.000000	58.196841	-0.000144
661.000000	58.336266	-0.000150
662.000000	58.165137	-0.000152
663.000000	58.793604	-0.000145
664.000000	58.449845	-0.000130
665.000000	58.209602	-0.000123
666.000000	58.256942	-0.000127
667.000000	58.372797	-0.000137
668.000000	58.173727	-0.000147
669.000000	57.879268	-0.000154
670.000000	57.767544	-0.000150
671.000000	57.762407	-0.000138
672.000000	57.474601	-0.000134
673.000000	57.937456	-0.000132
674.000000	57.831171	-0.000133
675.000000	57.879052	-0.000145
676.000000	57.647884	-0.000150
677.000000	57.993404	-0.000149
678.000000	57.870479	-0.000149
679.000000	57.752272	-0.000138
680.000000	57.917853	-0.000131
681.000000	58.166002	-0.000137
682.000000	58.064368	-0.000147
683.000000	57.715978	-0.000151
684.000000	57.743803	-0.000154
685.000000	58.080860	-0.000152
686.000000	58.118101	-0.000137
687.000000	58.308172	-0.000133
688.000000	58.362197	-0.000143
689.000000	58.325788	-0.000148
690.000000	58.390022	-0.000156
691.000000	58.510129	-0.000159
692.000000	58.637896	-0.000151
693.000000	59.343361	-0.000143
694.000000	59.046432	-0.000135
695.000000	58.663749	-0.000135
696.000000	59.152880	-0.000143
697.000000	59.232760	-0.000154
698.000000	59.157546	-0.000161
699.000000	59.132688	-0.000156
700.000000	59.518918	-0.000150
701.000000	59.162717	-0.000146
702.000000	59.476464	-0.000140
703.000000	59.699523	-0.000145
704.000000	59.441913	-0.000159
705.000000	59.607302	-0.000162
706.000000	59.796788	-0.000156
707.000000	59.601985	-0.000155
708.000000	60.316409	-0.000153
709.000000	60.555258	-0.000139
710.000000	59.814112	-0.000140
711.000000	59.895695	-0.000165
712.000000	59.640823	-0.000174
713.000000	60.047998	-0.000165
714.000000	59.969813	-0.000151
715.000000	60.810188	-0.000141
716.000000	60.964702	-0.000142
717.000000	60.029350	-0.000145
718.000000	60.035808	-0.000153
719.000000	59.591050	-0.000161
720.000000	59.608431	-0.000161
721.000000	59.894071	-0.000160
722.000000	59.691030	-0.000152
723.000000	59.542812	-0.000142
724.000000	59.625754	-0.000144
725.000000	59.826123	-0.000151
726.000000	59.987689	-0.000157
727.000000	59.348068	-0.000160
728.000000	59.894563	-0.000158
729.000000	59.564116	-0.000151
730.000000	58.819287	-0.000142
731.000000	59.250081	-0.000140
732.000000	58.591220	-0.000142
733.000000	58.437160	-0.000148
734.000000	57.869344	-0.000154
735.000000	57.757591	-0.000152
736.000000	57.185551	-0.000146
737.000000	57.028128	-0.000143
738.000000	56.247554	-0.000136
739.000000	56.064541	-0.000135
740.000000	55.127305	-0.000135
741.000000	55.004791	-0.000138
742.000000	54.144733	-0.000139
743.000000	53.282064	-0.000134
744.000000	52.776522	-0.000127
745.000000	51.862518	-0.000121
746.000000	51.024189	-0.000117
747.000000	50.102015	-0.000115
748.000000	49.317557	-0.000117
749.000000	48.153310	-0.000115
750.000000	46.949028	-0.000112
751.000000	45.952806	-0.000107
752.000000	44.927548	-9.980149E-5
753.000000	43.610350	-9.430791E-5
754.000000	42.373734	-8.988783E-5
755.000000	40.896729	-8.788150E-5
756.000000	39.767151	-8.722240E-5
757.000000	38.510956	-8.431614E-5
758.000000	36.978740	-7.971269E-5
759.000000	35.735368	-7.547112E-5
760.000000	34.242586	-6.946681E-5
761.000000	32.691794	-6.418682E-5
762.000000	31.207996	-6.113680E-5
763.000000	29.786705	-5.919191E-5
764.000000	28.438780	-5.746068E-5
765.000000	27.094056	-5.460551E-5
766.000000	25.902371	-5.107132E-5
767.000000	24.585666	-4.732243E-5
768.000000	23.182325	-4.328571E-5
769.000000	21.909946	-4.019011E-5
770.000000	20.609075	-3.801922E-5
771.000000	19.491604	-3.648342E-5
772.000000	18.429854	-3.487813E-5
773.000000	17.394050	-3.265186E-5
774.000000	16.330382	-2.982557E-5
775.000000	15.349412	-2.695228E-5
776.000000	14.409766	-2.453539E-5
777.000000	13.510128	-2.308134E-5
778.000000	12.765679	-2.244461E-5
779.000000	11.981170	-2.166381E-5
780.000000	11.256541	-2.054429E-5
781.000000	10.641695	-1.893357E-5
782.000000	9.990991	-1.709495E-5
783.000000	9.438346	-1.561220E-5
784.000000	8.826400	-1.451624E-5
785.000000	8.255883	-1.396569E-5
786.000000	7.816644	-1.341643E-5
787.000000	7.357408	-1.272249E-5
788.000000	6.954322	-1.186104E-5
789.000000	6.548302	-1.070420E-5
790.000000	6.168312	-9.760876E-6
791.000000	5.834019	-9.067312E-6
792.000000	5.508532	-8.731368E-6
793.000000	5.182290	-8.518194E-6
794.000000	4.872374	-8.352077E-6
795.000000	4.657882	-8.063818E-6
796.000000	4.411259	-7.319843E-6
797.000000	4.164009	-6.668966E-6
798.000000	3.952489	-6.277324E-6
799.000000	3.735906	-6.022233E-6
800.000000	3.542502	-5.949359E-6
801.000000	3.373094	-5.928596E-6
802.000000	3.217779	-5.723739E-6
803.000000	3.073982	-5.313560E-6
804.000000	2.931041	-4.808521E-6
805.000000	2.785777	-4.408954E-6
806.000000	2.643869	-4.161046E-6
807.000000	2.515377	-4.078108E-6
808.000000	2.412683	-4.121165E-6
809.000000	2.311957	-4.018361E-6
810.000000	2.215707	-3.744315E-6
811.000000	2.113550	-3.463646E-6
812.000000	2.027208	-3.140590E-6
813.000000	1.931493	-2.904135E-6
814.000000	1.848286	-2.859803E-6
815.000000	1.759154	-2.835553E-6
816.000000	1.685135	-2.844545E-6
817.000000	1.627217	-2.747481E-6
818.000000	1.557913	-2.481125E-6
819.000000	1.493664	-2.250096E-6
820.000000	1.430693	-2.090454E-6
821.000000	1.373251	-2.021960E-6
822.000000	1.311290	-2.037743E-6
823.000000	1.253345	-2.059483E-6
824.000000	1.213347	-2.020994E-6
825.000000	1.164752	-1.898373E-6
826.000000	1.120092	-1.735462E-6
827.000000	1.074869	-1.613855E-6
828.000000	1.034941	-1.568983E-6
829.000000	0.998580	-1.543222E-6
830.000000	0.951055	-1.529101E-6
831.000000	0.916426	-1.515768E-6
832.000000	0.883512	-1.444117E-6
833.000000	0.850032	-1.337006E-6
834.000000	0.816396	-1.222418E-6
835.000000	0.782409	-1.134443E-6
836.000000	0.751349	-1.107738E-6
837.000000	0.723822	-1.104010E-6
838.000000	0.694572	-1.085693E-6
839.000000	0.667190	-1.051998E-6
840.000000	0.645377	-1.002100E-6
841.000000	0.621096	-9.225345E-7
842.000000	0.593904	-8.603399E-7
843.000000	0.570268	-8.377042E-7
844.000000	0.551033	-8.270564E-7
845.000000	0.528017	-8.088941E-7
846.000000	0.508026	-7.826972E-7
847.000000	0.492540	-7.468255E-7
848.000000	0.473291	-6.884333E-7
849.000000	0.453866	-6.325950E-7
850.000000	0.435999	-6.081901E-7
851.000000	0.420452	-5.952973E-7
852.000000	0.403074	-5.764910E-7
853.000000	0.387249	-5.619573E-7
854.000000	0.373768	-5.335776E-7
855.000000	0.359582	-4.947438E-7
856.000000	0.345346	-4.603690E-7
857.000000	0.333198	-4.336412E-7
858.000000	0.318864	-4.178562E-7
859.000000	0.305760	-4.085778E-7
860.000000	0.294051	-3.893942E-7
861.000000	0.283754	-3.642201E-7
862.000000	0.273145	-3.352635E-7
863.000000	0.262409	-3.073514E-7
864.000000	0.252973	-2.908855E-7
865.000000	0.243517	-2.782524E-7
866.000000	0.234253	-2.637332E-7
867.000000	0.223117	-2.527288E-7
868.000000	0.215440	-2.382563E-7
869.000000	0.207918	-2.187987E-7
870.000000	0.200612	-2.046477E-7
871.000000	0.192491	-1.923526E-7
872.000000	0.184842	-1.821484E-7
873.000000	0.178064	-1.763710E-7
874.000000	0.171052	-1.677444E-7
875.000000	0.163623	-1.566830E-7
876.000000	0.157534	-1.461697E-7
877.000000	0.151667	-1.359477E-7
878.000000	0.145541	-1.284905E-7
879.000000	0.139330	-1.214462E-7
880.000000	0.134384	-1.158333E-7
881.000000	0.128530	-1.106231E-7
882.000000	0.123176	-1.043724E-7
883.000000	0.118164	-9.857281E-8
884.000000	0.113922	-9.385222E-8
885.000000	0.109424	-8.777909E-8
886.000000	0.105009	-8.247891E-8
887.000000	0.100776	-7.932015E-8
888.000000	0.096932	-7.624272E-8
889.000000	0.092918	-7.271243E-8
890.000000	0.089411	-6.912331E-8
891.000000	0.086079	-6.553000E-8
892.000000	0.082616	-6.185002E-8
893.000000	0.079096	-5.898065E-8
894.000000	0.075720	-5.740845E-8
895.000000	0.072984	-5.516315E-8
896.000000	0.070044	-5.228038E-8
897.000000	0.067055	-5.012123E-8
898.000000	0.064355	-4.766612E-8
899.000000	0.061934	-4.574222E-8
900.000000	0.059311	-4.370711E-8
901.000000	0.056661	-4.158477E-8
902.000000	0.054530	-4.026261E-8
903.000000	0.052274	-3.826473E-8
904.000000	0.050029	-3.640996E-8
905.000000	0.047915	-3.529269E-8
906.000000	0.046094	-3.369793E-8
907.000000	0.044242	-3.227187E-8
908.000000	0.042345	-3.096994E-8
909.000000	0.040666	-2.950197E-8
910.000000	0.038966	-2.842192E-8
911.000000	0.037302	-2.715665E-8
912.000000	0.035760	-2.609811E-8
913.000000	0.034261	-2.525036E-8
914.000000	0.032849	-2.405712E-8
915.000000	0.031451	-2.300039E-8
916.000000	0.030249	-2.189346E-8
917.000000	0.028946	-2.069230E-8
918.000000	0.027759	-2.013515E-8
919.000000	0.026591	-1.931667E-8
920.000000	0.025444	-1.820180E-8
921.000000	0.024389	-1.756890E-8
922.000000	0.023401	-1.674894E-8
923.000000	0.022395	-1.586473E-8
924.000000	0.021542	-1.531107E-8
925.000000	0.020587	-1.451639E-8
926.000000	0.019741	-1.402123E-8
927.000000	0.018937	-1.349499E-8
928.000000	0.018148	-1.282693E-8
929.000000	0.017348	-1.229076E-8
930.000000	0.016689	-1.153589E-8
931.000000	0.015962	-1.084539E-8
932.000000	0.015322	-1.040447E-8
933.000000	0.014709	-9.850956E-9
934.000000	0.014085	-9.470156E-9
935.000000	0.013534	-9.073644E-9
936.000000	0.012948	-8.576850E-9
937.000000	0.012415	-8.264077E-9
938.000000	0.011955	-7.831548E-9
939.000000	0.011422	-7.394633E-9
940.000000	0.010970	-7.189672E-9
941.000000	0.010501	-6.847003E-9
942.000000	0.010063	-6.576567E-9
943.000000	0.009661	-6.298881E-9
944.000000	0.009240	-5.877602E-9
945.000000	0.008901	-5.593135E-9
946.000000	0.008538	-5.290313E-9
947.000000	0.008173	-4.995520E-9
948.000000	0.007840	-4.835024E-9
949.000000	0.007552	-4.621883E-9
950.000000	0.007211	-4.395718E-9
951.000000	0.006938	-4.211392E-9
952.000000	0.006669	-3.976221E-9
953.000000	0.006385	-3.816086E-9
954.000000	0.006155	-3.674169E-9
955.000000	0.005896	-3.482585E-9
956.000000	0.005673	-3.370614E-9
957.000000	0.005436	-3.199144E-9
958.000000	0.005231	-3.026742E-9
959.000000	0.005031	-2.874960E-9
960.000000	0.004848	-2.699455E-9
961.000000	0.004664	-2.577855E-9
962.000000	0.004479	-2.467894E-9
963.000000	0.004296	-2.357423E-9
964.000000	0.004134	-2.287214E-9
965.000000	0.003982	-2.175045E-9
966.000000	0.003831	-2.063918E-9
967.000000	0.003693	-1.986616E-9
968.000000	0.003555	-1.891538E-9
969.000000	0.003415	-1.816004E-9
970.000000	0.003301	-1.750769E-9
971.000000	0.003190	-1.662885E-9
972.000000	0.003057	-1.574756E-9
973.000000	0.002956	-1.494740E-9
974.000000	0.002855	-1.411997E-9
975.000000	0.002754	-1.346475E-9
976.000000	0.002646	-1.279005E-9
977.000000	0.002564	-1.237757E-9
978.000000	0.002470	-1.197851E-9
979.000000	0.002392	-1.152010E-9
980.000000	0.002298	-1.103511E-9
981.000000	0.002234	-1.063553E-9
982.000000	0.002164	-1.025764E-9
983.000000	0.002074	-9.904106E-10
984.000000	0.002002	-9.489221E-10
985.000000	0.001947	-9.144659E-10
986.000000	0.001885	-8.749287E-10
987.000000	0.001833	-8.326017E-10
988.000000	0.001786	-7.980870E-10
989.000000	0.001732	-7.647400E-10
990.000000	0.001675	-7.312042E-10
991.000000	0.001618	-7.088206E-10
992.000000	0.001564	-6.888352E-10
993.000000	0.001516	-6.731503E-10
994.000000	0.001462	-6.582559E-10
995.000000	0.001423	-6.408289E-10
996.000000	0.001374	-6.204804E-10
997.000000	0.001337	-6.029590E-10
998.000000	0.001301	-5.858657E-10
999.000000	0.001258	-5.687075E-10
1000.000000	0.001223	-5.492569E-10
1001.000000	0.001190	-5.314540E-10
1002.000000	0.001158	-5.146660E-10
1003.000000	0.001125	-4.951269E-10
1004.000000	0.001101	-4.797110E-10
1005.000000	0.001070	-4.670703E-10
1006.000000	0.001042	-4.570751E-10
1007.000000	0.001007	-4.475076E-10
1008.000000	0.000977	-4.376997E-10
1009.000000	0.000953	-4.262262E-10
1010.000000	0.000923	-4.153451E-10
1011.000000	0.000905	-4.056427E-10
1012.000000	0.000878	-3.952191E-10
1013.000000	0.000850	-3.892766E-10
1014.000000	0.000825	-3.796335E-10
1015.000000	0.000804	-3.694212E-10
1016.000000	0.000780	-3.603292E-10
1017.000000	0.000757	-3.541697E-10
1018.000000	0.000735	-3.519994E-10
1019.000000	0.000703	-3.489199E-10
1020.000000	0.000681	-3.493601E-10
1021.000000	0.000654	-3.445263E-10
1022.000000	0.000638	-3.355636E-10
1023.000000	0.000621	-3.275097E-10
1024.000000	0.000597	-3.234150E-10
1025.000000	0.000575	-3.237378E-10
1026.000000	0.000553	-3.263893E-10
1027.000000	0.000529	-3.274334E-10
1028.000000	0.000507	-3.308415E-10
1029.000000	0.000485	-3.333755E-10
1030.000000	0.000466	-3.335340E-10
1031.000000	0.000454	-3.325661E-10
1032.000000	0.000439	-3.267413E-10
1033.000000	0.000429	-3.176608E-10
1034.000000	0.000427	-3.059702E-10
1035.000000	0.000424	-2.882550E-10
1036.000000	0.000426	-2.715316E-10
1037.000000	0.000424	-2.548551E-10
1038.000000	0.000419	-2.418503E-10
1039.000000	0.000418	-2.331979E-10
1040.000000	0.000410	-2.249332E-10
1041.000000	0.000403	-2.188620E-10
1042.000000	0.000396	-2.132072E-10
1043.000000	0.000388	-2.075820E-10
1044.000000	0.000381	-2.032413E-10
1045.000000	0.000371	-1.998215E-10
1046.000000	0.000361	-1.974163E-10
1047.000000	0.000345	-1.946418E-10
1048.000000	0.000336	-1.961435E-10
1049.000000	0.000323	-1.947063E-10
1050.000000	0.000312	-1.934393E-10
1051.000000	0.000302	-1.912277E-10
1052.000000	0.000291	-1.893509E-10
1053.000000	0.000280	-1.895034E-10
1054.000000	0.000269	-1.884827E-10
1055.000000	0.000258	-1.885707E-10
1056.000000	0.000245	-1.903128E-10
1057.000000	0.000235	-1.930404E-10
1058.000000	0.000225	-1.951581E-10
1059.000000	0.000213	-2.017221E-10
1060.000000	0.000199	-2.139405E-10
1061.000000	0.000184	-2.330163E-10
1062.000000	0.000169	-2.650028E-10
1063.000000	0.000146	-3.606750E-10
1064.000000	0.000121	-5.627367E-10
1065.000000	0.000122	-6.400431E-10
1066.000000	0.000126	-4.497833E-10
1067.000000	0.000136	-2.821546E-10
1068.000000	0.000144	-2.209207E-10
1069.000000	0.000154	-1.831448E-10
1070.000000	0.000165	-1.592706E-10
1071.000000	0.000171	-1.463599E-10
1072.000000	0.000179	-1.391859E-10
1073.000000	0.000181	-1.318536E-10
1074.000000	0.000186	-1.260347E-10
1075.000000	0.000186	-1.198051E-10
1076.000000	0.000189	-1.162562E-10
1077.000000	0.000188	-1.125901E-10
1078.000000	0.000189	-1.098037E-10
1079.000000	0.000189	-1.070351E-10
1080.000000	0.000188	-1.046594E-10
1081.000000	0.000186	-1.007938E-10
1082.000000	0.000186	-9.903406E-11
1083.000000	0.000185	-9.716286E-11
1084.000000	0.000185	-9.571985E-11
1085.000000	0.000183	-9.370781E-11
1086.000000	0.000181	-9.198924E-11
1087.000000	0.000183	-9.118557E-11
1088.000000	0.000180	-8.925560E-11
1089.000000	0.000176	-8.692110E-11
1090.000000	0.000175	-8.634618E-11
1091.000000	0.000173	-8.431077E-11
1092.000000	0.000174	-8.381215E-11
1093.000000	0.000172	-8.187055E-11
1094.000000	0.000173	-8.104337E-11
1095.000000	0.000171	-7.875578E-11
1096.000000	0.000170	-7.785822E-11
1097.000000	0.000168	-7.721301E-11
1098.000000	0.000165	-7.546502E-11
1099.000000	0.000162	-7.601055E-11
1100.000000	0.000158	-7.602230E-11
