Wavelength (nm)	EQE (%)	Current (A)	Dark Current (A) -> 	-193.585116000E-12	
400.000000	10.820786	-2.288709E-7
403.000000	11.746670	-5.646704E-7
406.000000	11.267957	-8.802602E-7
409.000000	11.915087	-1.310360E-6
412.000000	12.003143	-2.022029E-6
415.000000	11.153193	-8.972299E-7
418.000000	12.344431	-8.611239E-7
421.000000	11.843639	-9.713915E-7
424.000000	11.932730	-8.848547E-7
427.000000	11.998300	-1.162668E-6
430.000000	11.995635	-1.854411E-6
433.000000	11.509069	-1.667334E-6
436.000000	11.459350	-1.645808E-6
439.000000	11.358402	-1.789643E-6
442.000000	11.284003	-1.866991E-6
445.000000	11.160908	-2.098109E-6
448.000000	11.064839	-2.361428E-6
451.000000	10.542899	-1.982605E-6
454.000000	11.382067	-1.970383E-6
457.000000	11.261230	-2.176461E-6
460.000000	11.770007	-1.672683E-6
463.000000	11.409616	-2.787952E-6
466.000000	12.430266	-2.392239E-6
469.000000	12.314103	-2.180825E-6
472.000000	12.465100	-2.042574E-6
475.000000	12.254403	-1.904552E-6
478.000000	12.685021	-2.530725E-6
481.000000	13.463029	-2.236561E-6
484.000000	13.422234	-2.150346E-6
487.000000	13.549726	-2.998129E-6
490.000000	13.842119	-2.520829E-6
493.000000	13.758296	-2.547514E-6
496.000000	14.069475	-3.134326E-6
499.000000	14.357532	-3.187710E-6
502.000000	14.580201	-2.940774E-6
505.000000	14.663058	-3.601569E-6
508.000000	14.551994	-4.613010E-6
511.000000	14.641057	-5.335755E-6
514.000000	14.644605	-3.420403E-6
517.000000	14.907524	-3.429577E-6
520.000000	14.939663	-5.914967E-6
523.000000	14.865303	-5.361705E-6
526.000000	14.979023	-3.205235E-6
529.000000	15.247388	-4.318871E-6
532.000000	15.054156	-4.633528E-6
535.000000	14.669522	-2.102024E-6
538.000000	15.600837	-3.905684E-6
541.000000	15.526552	-5.214814E-6
544.000000	14.997756	-2.284368E-6
547.000000	15.479632	-4.385223E-6
550.000000	15.587987	-3.996593E-6
553.000000	15.522639	-2.873509E-6
556.000000	15.693674	-3.940987E-6
559.000000	15.850247	-2.758053E-6
562.000000	15.779274	-3.517546E-6
565.000000	16.029496	-3.347573E-6
568.000000	16.288318	-3.356684E-6
571.000000	16.307617	-3.993623E-6
574.000000	16.470984	-3.727622E-6
577.000000	16.526768	-5.566709E-6
580.000000	16.542457	-3.959902E-6
583.000000	16.806491	-4.266999E-6
586.000000	16.838861	-5.549766E-6
589.000000	16.853558	-3.828793E-6
592.000000	16.219575	-2.119849E-6
595.000000	15.685543	-2.450992E-6
598.000000	15.733470	-1.952085E-6
601.000000	16.330991	-2.769259E-6
604.000000	16.139718	-2.833496E-6
607.000000	16.440060	-3.094117E-6
610.000000	16.829021	-3.231420E-6
613.000000	17.351373	-5.674937E-6
616.000000	16.858970	-6.994428E-6
619.000000	16.924875	-4.031608E-6
622.000000	18.662426	-8.830772E-6
625.000000	17.404663	-9.890781E-6
628.000000	17.341343	-5.113618E-6
631.000000	18.649746	-6.644213E-6
634.000000	18.576957	-8.088286E-6
637.000000	18.523336	-1.034279E-5
640.000000	18.530657	-1.021186E-5
643.000000	18.947905	-9.927056E-6
646.000000	19.035372	-1.189203E-5
649.000000	19.126600	-1.159074E-5
652.000000	19.087531	-1.447391E-5
655.000000	18.531278	-1.292105E-5
658.000000	18.977458	-1.432393E-5
661.000000	18.246085	-1.650674E-5
664.000000	18.348578	-1.467440E-5
667.000000	18.215402	-1.643602E-5
670.000000	17.958523	-1.625357E-5
673.000000	18.208249	-1.721969E-5
676.000000	17.981517	-1.799126E-5
679.000000	18.110618	-1.801193E-5
682.000000	18.397591	-1.862556E-5
685.000000	18.491450	-1.982851E-5
688.000000	18.861195	-2.008881E-5
691.000000	19.177012	-2.065081E-5
694.000000	19.392735	-2.010389E-5
697.000000	19.845201	-2.010058E-5
700.000000	19.988515	-2.227937E-5
703.000000	19.642323	-2.224692E-5
706.000000	19.118144	-2.231998E-5
709.000000	19.106283	-2.156257E-5
712.000000	18.665750	-2.401110E-5
715.000000	18.530899	-2.070420E-5
718.000000	17.915009	-1.896330E-5
721.000000	17.217482	-2.258497E-5
724.000000	16.488190	-1.687909E-5
727.000000	15.939415	-1.840247E-5
730.000000	14.770729	-1.507528E-5
733.000000	14.271176	-1.419030E-5
736.000000	13.109672	-1.318528E-5
739.000000	12.115196	-1.017755E-5
742.000000	11.184626	-1.064347E-5
745.000000	9.963452	-7.724506E-6
748.000000	9.144626	-7.501691E-6
751.000000	7.923398	-6.258758E-6
754.000000	7.022219	-4.834869E-6
757.000000	6.092401	-4.785615E-6
760.000000	5.102265	-3.251722E-6
763.000000	4.415463	-3.075540E-6
766.000000	3.650774	-2.313759E-6
769.000000	3.072845	-1.749332E-6
772.000000	2.512484	-1.585037E-6
775.000000	2.031546	-1.092642E-6
778.000000	1.686591	-9.979627E-7
781.000000	1.348313	-7.566486E-7
784.000000	1.095503	-5.796899E-7
787.000000	0.883384	-5.087716E-7
790.000000	0.705536	-3.697492E-7
793.000000	0.575728	-3.381975E-7
796.000000	0.454696	-2.533097E-7
799.000000	0.370114	-2.069224E-7
802.000000	0.296329	-1.764203E-7
805.000000	0.239518	-1.323410E-7
808.000000	0.195807	-1.193857E-7
811.000000	0.157459	-8.730000E-8
814.000000	0.132522	-7.800610E-8
817.000000	0.108470	-6.383646E-8
820.000000	0.091357	-5.247686E-8
823.000000	0.077654	-4.974460E-8
826.000000	0.064836	-3.739504E-8
829.000000	0.056244	-3.694956E-8
832.000000	0.047060	-2.929413E-8
835.000000	0.042143	-2.849048E-8
838.000000	0.037122	-2.538290E-8
841.000000	0.032716	-2.096916E-8
844.000000	0.028679	-2.007431E-8
847.000000	0.025149	-1.650454E-8
850.000000	0.022469	-1.604270E-8
853.000000	0.019836	-1.323195E-8
856.000000	0.017736	-1.192410E-8
859.000000	0.015809	-1.070624E-8
862.000000	0.014254	-8.821740E-9
865.000000	0.012936	-8.017906E-9
868.000000	0.011740	-6.771804E-9
871.000000	0.010755	-6.056157E-9
874.000000	0.009878	-5.119724E-9
877.000000	0.008976	-4.421726E-9
880.000000	0.008285	-4.015750E-9
883.000000	0.007613	-3.457532E-9
886.000000	0.007073	-3.169292E-9
889.000000	0.006482	-2.788678E-9
892.000000	0.006007	-2.493175E-9
895.000000	0.005559	-2.219586E-9
898.000000	0.005144	-2.039414E-9
901.000000	0.004787	-1.843657E-9
904.000000	0.004468	-1.794733E-9
907.000000	0.004089	-1.608807E-9
910.000000	0.003841	-1.487140E-9
913.000000	0.003563	-1.447522E-9
916.000000	0.003279	-1.260482E-9
919.000000	0.003049	-1.215645E-9
922.000000	0.002812	-1.127648E-9
925.000000	0.002625	-1.001294E-9
928.000000	0.002445	-9.711737E-10
931.000000	0.002281	-8.372781E-10
934.000000	0.002148	-8.352249E-10
937.000000	0.001989	-7.528350E-10
940.000000	0.001867	-6.568073E-10
943.000000	0.001744	-6.242528E-10
946.000000	0.001629	-5.508670E-10
949.000000	0.001503	-5.354923E-10
952.000000	0.001433	-4.844964E-10
955.000000	0.001367	-4.369899E-10
958.000000	0.001288	-3.990620E-10
961.000000	0.001203	-3.577264E-10
964.000000	0.001149	-3.405458E-10
967.000000	0.001100	-3.101555E-10
970.000000	0.001052	-2.918074E-10
973.000000	0.001022	-2.716002E-10
976.000000	0.000991	-2.530235E-10
979.000000	0.000982	-2.314023E-10
982.000000	0.001009	-2.189199E-10
985.000000	0.001003	-2.128726E-10
988.000000	0.000959	-1.988947E-10
991.000000	0.000948	-1.926301E-10
994.000000	0.000967	-1.830983E-10
997.000000	0.000986	-1.806523E-10
1000.000000	0.000952	-1.753847E-10
1003.000000	0.000928	-1.698008E-10
1006.000000	0.000912	-1.621694E-10
1009.000000	0.000947	-1.616825E-10
1012.000000	0.000891	-1.551951E-10
1015.000000	0.000881	-1.560514E-10
1018.000000	0.000849	-1.505787E-10
1021.000000	0.000850	-1.544383E-10
1024.000000	0.000762	-1.432877E-10
1027.000000	0.000726	-1.492707E-10
1030.000000	0.000678	-1.502150E-10
1033.000000	0.000619	-1.432115E-10
1036.000000	0.000546	-1.407655E-10
1039.000000	0.000485	-1.415865E-10
1042.000000	0.000551	-1.442028E-10
1045.000000	0.000631	-1.378444E-10
1048.000000	0.000629	-1.339025E-10
1051.000000	0.000615	-1.339377E-10
1054.000000	0.000557	-1.380789E-10
1057.000000	0.000488	-1.364891E-10
1060.000000	0.000422	-1.333805E-10
1063.000000	0.000348	-1.337267E-10
1066.000000	0.000271	-1.357268E-10
1069.000000	0.000147	-1.564034E-10
1072.000000	7.699397E-5	-1.681407E-10
1075.000000	0.000212	-1.372166E-10
1078.000000	0.000290	-1.311868E-10
1081.000000	0.000339	-1.249632E-10
1084.000000	0.000384	-1.323070E-10
1087.000000	0.000394	-1.230626E-10
1090.000000	0.000417	-1.270044E-10
1093.000000	0.000455	-1.326999E-10
1096.000000	0.000422	-1.213499E-10
1099.000000	0.000422	-1.307409E-10
